** 12 tone scale

** prime symmetrical scales
(0 6)
(0 4 8)

** molts (38)
(0 6)
(0 4 8)
(0 5 6 11)
(0 3 6 9)
(0 1 6 7)
(0 4 6 10)
(0 2 6 8)
(0 4 5 6 10 11)
(0 2 5 6 8 11)
(0 3 4 6 9 10)
(0 3 4 7 8 11)
(0 1 4 6 7 10)
(0 2 3 6 8 9)
(0 1 4 5 8 9)
(0 1 2 6 7 8)
(0 3 5 6 9 11)
(0 1 5 6 7 11)
(0 2 4 6 8 10)
(0 1 3 6 7 9)
(0 3 4 5 6 9 10 11)
(0 1 4 5 6 7 10 11)
(0 2 3 5 6 8 9 11)
(0 2 3 4 6 8 9 10)
(0 1 2 5 6 7 8 11)
(0 1 2 4 6 7 8 10)
(0 1 2 3 6 7 8 9)
(0 2 4 5 6 8 10 11)
(0 1 3 5 6 7 9 11)
(0 1 3 4 6 7 9 10)
(0 2 3 4 6 7 8 10 11)
(0 1 2 4 5 6 8 9 10)
(0 1 3 4 5 7 8 9 11)
(0 2 3 4 5 6 8 9 10 11)
(0 1 2 4 5 6 7 8 10 11)
(0 1 2 3 5 6 7 8 9 11)
(0 1 2 3 4 6 7 8 9 10)
(0 1 3 4 5 6 7 9 10 11)
(0 1 2 3 4 5 6 7 8 9 10 11)

** pure molts
(0 2 3 4 6 7 8 10 11)
(0 1 2 4 5 6 8 9 10)
(0 1 3 4 5 7 8 9 11)
(0 2 3 4 5 6 8 9 10 11)
(0 1 2 4 5 6 7 8 10 11)
(0 1 2 3 5 6 7 8 9 11)
(0 1 2 3 4 6 7 8 9 10)
(0 1 3 4 5 6 7 9 10 11)
