** 22 tone scale

** prime symmetrical scales
(0 11)
(0 2 4 6 8 10 12 14 16 18 20)

** molts (1025)
(0 6 10 11 17 21)
(0 7 9 10 11 18 20 21)
(0 7 9 11 18 20)
(0 5 11 16)
(0 1 4 5 8 9 11 12 15 16 19 20)
(0 2 3 4 5 8 9 11 13 14 15 16 19 20)
(0 2 3 6 8 9 11 13 14 17 19 20)
(0 1 4 6 8 9 11 12 15 17 19 20)
(0 2 3 4 6 8 9 11 13 14 15 17 19 20)
(0 2 3 5 6 8 9 11 13 14 16 17 19 20)
(0 1 4 5 6 8 9 11 12 15 16 17 19 20)
(0 2 3 4 5 6 8 9 11 13 14 15 16 17 19 20)
(0 2 3 7 8 9 11 13 14 18 19 20)
(0 1 4 7 8 9 11 12 15 18 19 20)
(0 2 3 4 7 8 9 11 13 14 15 18 19 20)
(0 2 3 5 7 8 9 11 13 14 16 18 19 20)
(0 1 4 5 7 8 9 11 12 15 16 18 19 20)
(0 2 3 4 5 7 8 9 11 13 14 15 16 18 19 20)
(0 2 3 6 7 8 9 11 13 14 17 18 19 20)
(0 1 4 6 7 8 9 11 12 15 17 18 19 20)
(0 2 3 4 6 7 8 9 11 13 14 15 17 18 19 20)
(0 2 3 5 6 7 8 9 11 13 14 16 17 18 19 20)
(0 1 4 5 6 7 8 9 11 12 15 16 17 18 19 20)
(0 2 3 4 5 6 7 8 9 11 13 14 15 16 17 18 19 20)
(0 2 3 10 11 13 14 21)
(0 1 4 10 11 12 15 21)
(0 2 3 4 10 11 13 14 15 21)
(0 2 3 5 10 11 13 14 16 21)
(0 1 4 5 10 11 12 15 16 21)
(0 2 3 4 5 10 11 13 14 15 16 21)
(0 2 3 6 10 11 13 14 17 21)
(0 1 4 6 10 11 12 15 17 21)
(0 2 3 4 6 10 11 13 14 15 17 21)
(0 2 3 5 6 10 11 13 14 16 17 21)
(0 1 4 5 6 10 11 12 15 16 17 21)
(0 2 3 4 5 6 10 11 13 14 15 16 17 21)
(0 2 3 7 10 11 13 14 18 21)
(0 1 4 7 10 11 12 15 18 21)
(0 2 3 4 7 10 11 13 14 15 18 21)
(0 2 3 5 7 10 11 13 14 16 18 21)
(0 1 4 5 7 10 11 12 15 16 18 21)
(0 2 3 4 5 7 10 11 13 14 15 16 18 21)
(0 2 3 6 7 10 11 13 14 17 18 21)
(0 1 4 6 7 10 11 12 15 17 18 21)
(0 2 3 4 6 7 10 11 13 14 15 17 18 21)
(0 2 3 5 6 7 10 11 13 14 16 17 18 21)
(0 1 4 5 6 7 10 11 12 15 16 17 18 21)
(0 2 3 4 5 6 7 10 11 13 14 15 16 17 18 21)
(0 2 3 8 10 11 13 14 19 21)
(0 1 4 8 10 11 12 15 19 21)
(0 2 3 4 8 10 11 13 14 15 19 21)
(0 2 3 5 8 10 11 13 14 16 19 21)
(0 1 4 5 8 10 11 12 15 16 19 21)
(0 2 3 4 5 8 10 11 13 14 15 16 19 21)
(0 2 3 6 8 10 11 13 14 17 19 21)
(0 1 4 6 8 10 11 12 15 17 19 21)
(0 2 3 4 6 8 10 11 13 14 15 17 19 21)
(0 2 3 5 6 8 10 11 13 14 16 17 19 21)
(0 1 4 5 6 8 10 11 12 15 16 17 19 21)
(0 2 3 4 5 6 8 10 11 13 14 15 16 17 19 21)
(0 2 3 7 8 10 11 13 14 18 19 21)
(0 1 4 7 8 10 11 12 15 18 19 21)
(0 1 4 6 7 9 10 11 12 15 17 18 20 21)
(0 2 3 4 6 7 9 10 11 13 14 15 17 18 20 21)
(0 2 3 5 6 7 9 10 11 13 14 16 17 18 20 21)
(0 1 4 5 6 7 9 10 11 12 15 16 17 18 20 21)
(0 2 3 4 5 6 7 9 10 11 13 14 15 16 17 18 20 21)
(0 2 3 8 9 10 11 13 14 19 20 21)
(0 1 4 8 9 10 11 12 15 19 20 21)
(0 2 3 4 8 9 10 11 13 14 15 19 20 21)
(0 2 3 5 8 9 10 11 13 14 16 19 20 21)
(0 1 4 5 8 9 10 11 12 15 16 19 20 21)
(0 2 3 4 5 8 9 10 11 13 14 15 16 19 20 21)
(0 2 3 6 8 9 10 11 13 14 17 19 20 21)
(0 1 4 6 8 9 10 11 12 15 17 19 20 21)
(0 2 3 4 6 8 9 10 11 13 14 15 17 19 20 21)
(0 2 3 5 6 8 9 10 11 13 14 16 17 19 20 21)
(0 1 4 5 6 8 9 10 11 12 15 16 17 19 20 21)
(0 2 3 4 5 6 8 9 10 11 13 14 15 16 17 19 20 21)
(0 2 3 7 8 9 10 11 13 14 18 19 20 21)
(0 1 4 7 8 9 10 11 12 15 18 19 20 21)
(0 2 3 4 7 8 9 10 11 13 14 15 18 19 20 21)
(0 2 3 5 7 8 9 10 11 13 14 16 18 19 20 21)
(0 1 4 5 7 8 9 10 11 12 15 16 18 19 20 21)
(0 2 3 4 5 7 8 9 10 11 13 14 15 16 18 19 20 21)
(0 2 3 6 7 8 9 10 11 13 14 17 18 19 20 21)
(0 1 4 6 7 8 9 10 11 12 15 17 18 19 20 21)
(0 2 3 4 6 7 8 9 10 11 13 14 15 17 18 19 20 21)
(0 2 3 5 6 7 8 9 10 11 13 14 16 17 18 19 20 21)
(0 1 4 5 6 7 8 9 10 11 12 15 16 17 18 19 20 21)
(0 2 3 4 5 6 7 8 9 10 11 13 14 15 16 17 18 19 20 21)
(0 2 3 6 7 9 10 11 13 14 17 18 20 21)
(0 2 3 4 5 7 9 10 11 13 14 15 16 18 20 21)
(0 1 4 5 7 9 10 11 12 15 16 18 20 21)
(0 2 3 5 7 9 10 11 13 14 16 18 20 21)
(0 2 3 4 7 9 10 11 13 14 15 18 20 21)
(0 1 4 7 9 10 11 12 15 18 20 21)
(0 2 3 7 9 10 11 13 14 18 20 21)
(0 2 3 4 5 6 9 10 11 13 14 15 16 17 20 21)
(0 1 4 5 6 9 10 11 12 15 16 17 20 21)
(0 2 3 5 6 9 10 11 13 14 16 17 20 21)
(0 2 3 4 6 9 10 11 13 14 15 17 20 21)
(0 1 4 6 9 10 11 12 15 17 20 21)
(0 2 3 6 9 10 11 13 14 17 20 21)
(0 2 3 4 5 9 10 11 13 14 15 16 20 21)
(0 1 4 5 9 10 11 12 15 16 20 21)
(0 2 3 5 9 10 11 13 14 16 20 21)
(0 2 3 4 9 10 11 13 14 15 20 21)
(0 1 4 9 10 11 12 15 20 21)
(0 2 3 9 10 11 13 14 20 21)
(0 2 3 4 5 6 7 8 10 11 13 14 15 16 17 18 19 21)
(0 1 4 5 6 7 8 10 11 12 15 16 17 18 19 21)
(0 2 3 5 6 7 8 10 11 13 14 16 17 18 19 21)
(0 2 3 4 6 7 8 10 11 13 14 15 17 18 19 21)
(0 1 4 6 7 8 10 11 12 15 17 18 19 21)
(0 2 3 6 7 8 10 11 13 14 17 18 19 21)
(0 2 3 4 5 7 8 10 11 13 14 15 16 18 19 21)
(0 1 4 5 7 8 10 11 12 15 16 18 19 21)
(0 2 3 5 7 8 10 11 13 14 16 18 19 21)
(0 2 3 4 7 8 10 11 13 14 15 18 19 21)
(0 2 3 5 8 9 11 13 14 16 19 20)
(0 2 3 4 8 9 11 13 14 15 19 20)
(0 1 4 8 9 11 12 15 19 20)
(0 2 3 8 9 11 13 14 19 20)
(0 2 3 4 5 6 7 9 11 13 14 15 16 17 18 20)
(0 1 4 5 6 7 9 11 12 15 16 17 18 20)
(0 2 3 5 6 7 9 11 13 14 16 17 18 20)
(0 2 3 4 6 7 9 11 13 14 15 17 18 20)
(0 1 4 6 7 9 11 12 15 17 18 20)
(0 2 3 6 7 9 11 13 14 17 18 20)
(0 2 3 4 5 7 9 11 13 14 15 16 18 20)
(0 1 4 5 7 9 11 12 15 16 18 20)
(0 2 3 5 7 9 11 13 14 16 18 20)
(0 2 3 4 7 9 11 13 14 15 18 20)
(0 1 4 7 9 11 12 15 18 20)
(0 2 3 7 9 11 13 14 18 20)
(0 2 3 4 5 6 9 11 13 14 15 16 17 20)
(0 1 4 5 6 9 11 12 15 16 17 20)
(0 2 3 5 6 9 11 13 14 16 17 20)
(0 2 3 4 6 9 11 13 14 15 17 20)
(0 1 4 6 9 11 12 15 17 20)
(0 2 3 6 9 11 13 14 17 20)
(0 2 3 4 5 9 11 13 14 15 16 20)
(0 1 4 5 9 11 12 15 16 20)
(0 2 3 5 9 11 13 14 16 20)
(0 2 3 4 9 11 13 14 15 20)
(0 1 4 9 11 12 15 20)
(0 2 3 9 11 13 14 20)
(0 2 3 4 5 6 7 8 11 13 14 15 16 17 18 19)
(0 1 4 5 6 7 8 11 12 15 16 17 18 19)
(0 2 3 5 6 7 8 11 13 14 16 17 18 19)
(0 2 3 4 6 7 8 11 13 14 15 17 18 19)
(0 1 4 6 7 8 11 12 15 17 18 19)
(0 2 3 6 7 8 11 13 14 17 18 19)
(0 2 3 4 5 7 8 11 13 14 15 16 18 19)
(0 1 4 5 7 8 11 12 15 16 18 19)
(0 2 3 5 7 8 11 13 14 16 18 19)
(0 2 3 4 7 8 11 13 14 15 18 19)
(0 1 4 7 8 11 12 15 18 19)
(0 2 3 7 8 11 13 14 18 19)
(0 2 3 4 5 6 8 11 13 14 15 16 17 19)
(0 1 4 5 6 8 11 12 15 16 17 19)
(0 2 3 5 6 8 11 13 14 16 17 19)
(0 2 3 4 6 8 11 13 14 15 17 19)
(0 1 4 6 8 11 12 15 17 19)
(0 2 3 6 8 11 13 14 17 19)
(0 2 3 4 5 8 11 13 14 15 16 19)
(0 1 4 5 8 11 12 15 16 19)
(0 2 3 5 8 11 13 14 16 19)
(0 2 3 4 8 11 13 14 15 19)
(0 1 4 8 11 12 15 19)
(0 2 3 8 11 13 14 19)
(0 2 3 4 5 6 7 11 13 14 15 16 17 18)
(0 1 4 5 6 7 11 12 15 16 17 18)
(0 2 3 5 6 7 11 13 14 16 17 18)
(0 2 3 4 6 7 11 13 14 15 17 18)
(0 1 4 6 7 11 12 15 17 18)
(0 2 3 6 7 11 13 14 17 18)
(0 2 3 4 5 7 11 13 14 15 16 18)
(0 1 4 5 7 11 12 15 16 18)
(0 2 3 5 7 11 13 14 16 18)
(0 2 3 4 7 11 13 14 15 18)
(0 1 4 7 11 12 15 18)
(0 2 3 7 11 13 14 18)
(0 2 3 4 5 6 11 13 14 15 16 17)
(0 1 4 5 6 11 12 15 16 17)
(0 2 3 5 6 11 13 14 16 17)
(0 2 3 4 6 11 13 14 15 17)
(0 1 4 6 11 12 15 17)
(0 2 3 6 11 13 14 17)
(0 2 3 4 5 11 13 14 15 16)
(0 1 4 5 11 12 15 16)
(0 2 3 5 11 13 14 16)
(0 2 3 4 11 13 14 15)
(0 1 4 11 12 15)
(0 2 3 11 13 14)
(0 8 10 11 19 21)
(0 7 11 18)
(0 3 4 5 8 9 11 14 15 16 19 20)
(0 1 6 8 9 11 12 17 19 20)
(0 3 4 6 8 9 11 14 15 17 19 20)
(0 2 5 6 8 9 11 13 16 17 19 20)
(0 3 4 5 6 8 9 11 14 15 16 17 19 20)
(0 3 4 7 8 9 11 14 15 18 19 20)
(0 2 5 7 8 9 11 13 16 18 19 20)
(0 3 4 5 7 8 9 11 14 15 16 18 19 20)
(0 1 6 7 8 9 11 12 17 18 19 20)
(0 3 4 6 7 8 9 11 14 15 17 18 19 20)
(0 2 5 6 7 8 9 11 13 16 17 18 19 20)
(0 3 4 5 6 7 8 9 11 14 15 16 17 18 19 20)
(0 3 4 10 11 14 15 21)
(0 2 5 10 11 13 16 21)
(0 3 4 5 10 11 14 15 16 21)
(0 1 6 10 11 12 17 21)
(0 3 4 6 10 11 14 15 17 21)
(0 2 5 6 10 11 13 16 17 21)
(0 3 4 5 6 10 11 14 15 16 17 21)
(0 3 4 7 10 11 14 15 18 21)
(0 2 5 7 10 11 13 16 18 21)
(0 3 4 5 7 10 11 14 15 16 18 21)
(0 1 6 7 10 11 12 17 18 21)
(0 3 4 6 7 10 11 14 15 17 18 21)
(0 2 5 6 7 10 11 13 16 17 18 21)
(0 3 4 5 6 7 10 11 14 15 16 17 18 21)
(0 3 4 8 10 11 14 15 19 21)
(0 2 5 8 10 11 13 16 19 21)
(0 3 4 5 8 10 11 14 15 16 19 21)
(0 1 6 8 10 11 12 17 19 21)
(0 3 4 6 8 10 11 14 15 17 19 21)
(0 2 5 6 8 10 11 13 16 17 19 21)
(0 3 4 5 6 8 10 11 14 15 16 17 19 21)
(0 3 4 7 8 10 11 14 15 18 19 21)
(0 3 4 6 7 9 10 11 14 15 17 18 20 21)
(0 2 5 6 7 9 10 11 13 16 17 18 20 21)
(0 3 4 5 6 7 9 10 11 14 15 16 17 18 20 21)
(0 3 4 8 9 10 11 14 15 19 20 21)
(0 2 5 8 9 10 11 13 16 19 20 21)
(0 3 4 5 8 9 10 11 14 15 16 19 20 21)
(0 1 6 8 9 10 11 12 17 19 20 21)
(0 3 4 6 8 9 10 11 14 15 17 19 20 21)
(0 2 5 6 8 9 10 11 13 16 17 19 20 21)
(0 3 4 5 6 8 9 10 11 14 15 16 17 19 20 21)
(0 3 4 7 8 9 10 11 14 15 18 19 20 21)
(0 2 5 7 8 9 10 11 13 16 18 19 20 21)
(0 3 4 5 7 8 9 10 11 14 15 16 18 19 20 21)
(0 1 6 7 8 9 10 11 12 17 18 19 20 21)
(0 3 4 6 7 8 9 10 11 14 15 17 18 19 20 21)
(0 2 5 6 7 8 9 10 11 13 16 17 18 19 20 21)
(0 3 4 5 6 7 8 9 10 11 14 15 16 17 18 19 20 21)
(0 1 6 7 9 10 11 12 17 18 20 21)
(0 3 4 5 7 9 10 11 14 15 16 18 20 21)
(0 2 5 7 9 10 11 13 16 18 20 21)
(0 3 4 7 9 10 11 14 15 18 20 21)
(0 3 4 5 6 9 10 11 14 15 16 17 20 21)
(0 2 5 6 9 10 11 13 16 17 20 21)
(0 3 4 6 9 10 11 14 15 17 20 21)
(0 1 6 9 10 11 12 17 20 21)
(0 3 4 5 9 10 11 14 15 16 20 21)
(0 2 5 9 10 11 13 16 20 21)
(0 3 4 9 10 11 14 15 20 21)
(0 3 4 5 6 7 8 10 11 14 15 16 17 18 19 21)
(0 2 5 6 7 8 10 11 13 16 17 18 19 21)
(0 3 4 6 7 8 10 11 14 15 17 18 19 21)
(0 1 6 7 8 10 11 12 17 18 19 21)
(0 3 4 5 7 8 10 11 14 15 16 18 19 21)
(0 2 5 7 8 10 11 13 16 18 19 21)
(0 2 5 8 9 11 13 16 19 20)
(0 3 4 8 9 11 14 15 19 20)
(0 3 4 5 6 7 9 11 14 15 16 17 18 20)
(0 2 5 6 7 9 11 13 16 17 18 20)
(0 3 4 6 7 9 11 14 15 17 18 20)
(0 1 6 7 9 11 12 17 18 20)
(0 3 4 5 7 9 11 14 15 16 18 20)
(0 2 5 7 9 11 13 16 18 20)
(0 3 4 7 9 11 14 15 18 20)
(0 3 4 5 6 9 11 14 15 16 17 20)
(0 2 5 6 9 11 13 16 17 20)
(0 3 4 6 9 11 14 15 17 20)
(0 1 6 9 11 12 17 20)
(0 3 4 5 9 11 14 15 16 20)
(0 2 5 9 11 13 16 20)
(0 3 4 9 11 14 15 20)
(0 3 4 5 6 7 8 11 14 15 16 17 18 19)
(0 2 5 6 7 8 11 13 16 17 18 19)
(0 3 4 6 7 8 11 14 15 17 18 19)
(0 1 6 7 8 11 12 17 18 19)
(0 3 4 5 7 8 11 14 15 16 18 19)
(0 2 5 7 8 11 13 16 18 19)
(0 3 4 7 8 11 14 15 18 19)
(0 3 4 5 6 8 11 14 15 16 17 19)
(0 2 5 6 8 11 13 16 17 19)
(0 3 4 6 8 11 14 15 17 19)
(0 1 6 8 11 12 17 19)
(0 3 4 5 8 11 14 15 16 19)
(0 2 5 8 11 13 16 19)
(0 3 4 8 11 14 15 19)
(0 3 4 5 6 7 11 14 15 16 17 18)
(0 2 5 6 7 11 13 16 17 18)
(0 3 4 6 7 11 14 15 17 18)
(0 1 6 7 11 12 17 18)
(0 3 4 5 7 11 14 15 16 18)
(0 2 5 7 11 13 16 18)
(0 3 4 7 11 14 15 18)
(0 3 4 5 6 11 14 15 16 17)
(0 2 5 6 11 13 16 17)
(0 3 4 6 11 14 15 17)
(0 1 6 11 12 17)
(0 3 4 5 11 14 15 16)
(0 2 5 11 13 16)
(0 3 4 11 14 15)
(0 9 11 20)
(0 4 5 8 9 11 15 16 19 20)
(0 3 6 8 9 11 14 17 19 20)
(0 4 5 6 8 9 11 15 16 17 19 20)
(0 2 7 8 9 11 13 18 19 20)
(0 4 5 7 8 9 11 15 16 18 19 20)
(0 3 6 7 8 9 11 14 17 18 19 20)
(0 4 5 6 7 8 9 11 15 16 17 18 19 20)
(0 4 5 10 11 15 16 21)
(0 3 6 10 11 14 17 21)
(0 4 5 6 10 11 15 16 17 21)
(0 2 7 10 11 13 18 21)
(0 4 5 7 10 11 15 16 18 21)
(0 3 6 7 10 11 14 17 18 21)
(0 4 5 6 7 10 11 15 16 17 18 21)
(0 1 8 10 11 12 19 21)
(0 4 5 8 10 11 15 16 19 21)
(0 3 6 8 10 11 14 17 19 21)
(0 4 5 6 8 10 11 15 16 17 19 21)
(0 2 7 8 10 11 13 18 19 21)
(0 4 5 6 7 9 10 11 15 16 17 18 20 21)
(0 1 8 9 10 11 12 19 20 21)
(0 4 5 8 9 10 11 15 16 19 20 21)
(0 3 6 8 9 10 11 14 17 19 20 21)
(0 4 5 6 8 9 10 11 15 16 17 19 20 21)
(0 2 7 8 9 10 11 13 18 19 20 21)
(0 4 5 7 8 9 10 11 15 16 18 19 20 21)
(0 3 6 7 8 9 10 11 14 17 18 19 20 21)
(0 4 5 6 7 8 9 10 11 15 16 17 18 19 20 21)
(0 3 6 7 9 10 11 14 17 18 20 21)
(0 4 5 7 9 10 11 15 16 18 20 21)
(0 2 7 9 10 11 13 18 20 21)
(0 4 5 6 9 10 11 15 16 17 20 21)
(0 3 6 9 10 11 14 17 20 21)
(0 4 5 9 10 11 15 16 20 21)
(0 4 5 6 7 8 10 11 15 16 17 18 19 21)
(0 3 6 7 8 10 11 14 17 18 19 21)
(0 4 5 7 8 10 11 15 16 18 19 21)
(0 1 8 9 11 12 19 20)
(0 4 5 6 7 9 11 15 16 17 18 20)
(0 3 6 7 9 11 14 17 18 20)
(0 4 5 7 9 11 15 16 18 20)
(0 2 7 9 11 13 18 20)
(0 4 5 6 9 11 15 16 17 20)
(0 3 6 9 11 14 17 20)
(0 4 5 9 11 15 16 20)
(0 4 5 6 7 8 11 15 16 17 18 19)
(0 3 6 7 8 11 14 17 18 19)
(0 4 5 7 8 11 15 16 18 19)
(0 2 7 8 11 13 18 19)
(0 4 5 6 8 11 15 16 17 19)
(0 3 6 8 11 14 17 19)
(0 4 5 8 11 15 16 19)
(0 1 8 11 12 19)
(0 4 5 6 7 11 15 16 17 18)
(0 3 6 7 11 14 17 18)
(0 4 5 7 11 15 16 18)
(0 2 7 11 13 18)
(0 4 5 6 11 15 16 17)
(0 3 6 11 14 17)
(0 4 5 11 15 16)
(0 5 6 8 9 11 16 17 19 20)
(0 4 7 8 9 11 15 18 19 20)
(0 5 6 7 8 9 11 16 17 18 19 20)
(0 1 10 11 12 21)
(0 5 6 10 11 16 17 21)
(0 4 7 10 11 15 18 21)
(0 5 6 7 10 11 16 17 18 21)
(0 3 8 10 11 14 19 21)
(0 5 6 8 10 11 16 17 19 21)
(0 4 7 8 10 11 15 18 19 21)
(0 5 6 7 9 10 11 16 17 18 20 21)
(0 3 8 9 10 11 14 19 20 21)
(0 5 6 8 9 10 11 16 17 19 20 21)
(0 4 7 8 9 10 11 15 18 19 20 21)
(0 5 6 7 8 9 10 11 16 17 18 19 20 21)
(0 4 7 9 10 11 15 18 20 21)
(0 5 6 9 10 11 16 17 20 21)
(0 2 9 10 11 13 20 21)
(0 5 6 7 8 10 11 16 17 18 19 21)
(0 3 8 9 11 14 19 20)
(0 5 6 7 9 11 16 17 18 20)
(0 4 7 9 11 15 18 20)
(0 5 6 9 11 16 17 20)
(0 2 9 11 13 20)
(0 5 6 7 8 11 16 17 18 19)
(0 4 7 8 11 15 18 19)
(0 5 6 8 11 16 17 19)
(0 3 8 11 14 19)
(0 5 6 7 11 16 17 18)
(0 4 7 11 15 18)
(0 5 6 11 16 17)
(0 6 7 8 9 11 17 18 19 20)
(0 3 10 11 14 21)
(0 6 7 10 11 17 18 21)
(0 5 8 10 11 16 19 21)
(0 5 8 9 10 11 16 19 20 21)
(0 6 7 8 9 10 11 17 18 19 20 21)
(0 6 7 9 10 11 17 18 20 21)
(0 4 9 10 11 15 20 21)
(0 6 7 8 10 11 17 18 19 21)
(0 5 8 9 11 16 19 20)
(0 6 7 9 11 17 18 20)
(0 4 9 11 15 20)
(0 6 7 8 11 17 18 19)
(0 5 8 11 16 19)
(0 6 7 11 17 18)
(0 2 11 13)
(0 7 8 9 11 18 19 20)
(0 5 10 11 16 21)
(0 7 8 10 11 18 19 21)
(0 7 8 9 10 11 18 19 20 21)
(0 6 9 10 11 17 20 21)
(0 6 9 11 17 20)
(0 7 8 11 18 19)
(0 4 11 15)
(0 1 3 4 5 8 9 11 12 14 15 16 19 20)
(0 1 3 6 8 9 11 12 14 17 19 20)
(0 1 3 4 6 8 9 11 12 14 15 17 19 20)
(0 1 3 5 6 8 9 11 12 14 16 17 19 20)
(0 1 3 4 5 6 8 9 11 12 14 15 16 17 19 20)
(0 1 3 7 8 9 11 12 14 18 19 20)
(0 1 3 4 7 8 9 11 12 14 15 18 19 20)
(0 1 3 5 7 8 9 11 12 14 16 18 19 20)
(0 1 3 4 5 7 8 9 11 12 14 15 16 18 19 20)
(0 1 3 6 7 8 9 11 12 14 17 18 19 20)
(0 1 3 4 6 7 8 9 11 12 14 15 17 18 19 20)
(0 1 3 5 6 7 8 9 11 12 14 16 17 18 19 20)
(0 1 3 4 5 6 7 8 9 11 12 14 15 16 17 18 19 20)
(0 1 3 10 11 12 14 21)
(0 1 3 4 10 11 12 14 15 21)
(0 1 3 5 10 11 12 14 16 21)
(0 1 3 4 5 10 11 12 14 15 16 21)
(0 1 3 6 10 11 12 14 17 21)
(0 1 3 4 6 10 11 12 14 15 17 21)
(0 1 3 5 6 10 11 12 14 16 17 21)
(0 1 3 4 5 6 10 11 12 14 15 16 17 21)
(0 1 3 7 10 11 12 14 18 21)
(0 1 3 4 7 10 11 12 14 15 18 21)
(0 1 3 5 7 10 11 12 14 16 18 21)
(0 1 3 4 5 7 10 11 12 14 15 16 18 21)
(0 1 3 6 7 10 11 12 14 17 18 21)
(0 1 3 4 6 7 10 11 12 14 15 17 18 21)
(0 1 3 5 6 7 10 11 12 14 16 17 18 21)
(0 1 3 4 5 6 7 10 11 12 14 15 16 17 18 21)
(0 1 3 8 10 11 12 14 19 21)
(0 1 3 4 8 10 11 12 14 15 19 21)
(0 1 3 5 8 10 11 12 14 16 19 21)
(0 1 3 4 5 8 10 11 12 14 15 16 19 21)
(0 1 3 6 8 10 11 12 14 17 19 21)
(0 1 3 4 6 8 10 11 12 14 15 17 19 21)
(0 1 3 5 6 8 10 11 12 14 16 17 19 21)
(0 1 3 4 5 6 8 10 11 12 14 15 16 17 19 21)
(0 1 3 7 8 10 11 12 14 18 19 21)
(0 1 3 4 6 7 9 10 11 12 14 15 17 18 20 21)
(0 1 3 5 6 7 9 10 11 12 14 16 17 18 20 21)
(0 1 3 4 5 6 7 9 10 11 12 14 15 16 17 18 20 21)
(0 1 3 8 9 10 11 12 14 19 20 21)
(0 1 3 4 8 9 10 11 12 14 15 19 20 21)
(0 1 3 5 8 9 10 11 12 14 16 19 20 21)
(0 1 3 4 5 8 9 10 11 12 14 15 16 19 20 21)
(0 1 3 6 8 9 10 11 12 14 17 19 20 21)
(0 1 3 4 6 8 9 10 11 12 14 15 17 19 20 21)
(0 1 3 5 6 8 9 10 11 12 14 16 17 19 20 21)
(0 1 3 4 5 6 8 9 10 11 12 14 15 16 17 19 20 21)
(0 1 3 7 8 9 10 11 12 14 18 19 20 21)
(0 1 3 4 7 8 9 10 11 12 14 15 18 19 20 21)
(0 1 3 5 7 8 9 10 11 12 14 16 18 19 20 21)
(0 1 3 4 5 7 8 9 10 11 12 14 15 16 18 19 20 21)
(0 1 3 6 7 8 9 10 11 12 14 17 18 19 20 21)
(0 1 3 4 6 7 8 9 10 11 12 14 15 17 18 19 20 21)
(0 1 3 5 6 7 8 9 10 11 12 14 16 17 18 19 20 21)
(0 1 3 4 5 6 7 8 9 10 11 12 14 15 16 17 18 19 20 21)
(0 1 3 6 7 9 10 11 12 14 17 18 20 21)
(0 1 3 4 5 7 9 10 11 12 14 15 16 18 20 21)
(0 1 3 5 7 9 10 11 12 14 16 18 20 21)
(0 1 3 4 7 9 10 11 12 14 15 18 20 21)
(0 1 3 7 9 10 11 12 14 18 20 21)
(0 1 3 4 5 6 9 10 11 12 14 15 16 17 20 21)
(0 1 3 5 6 9 10 11 12 14 16 17 20 21)
(0 1 3 4 6 9 10 11 12 14 15 17 20 21)
(0 1 3 6 9 10 11 12 14 17 20 21)
(0 1 3 4 5 9 10 11 12 14 15 16 20 21)
(0 1 3 5 9 10 11 12 14 16 20 21)
(0 1 3 4 9 10 11 12 14 15 20 21)
(0 1 3 9 10 11 12 14 20 21)
(0 1 3 4 5 6 7 8 10 11 12 14 15 16 17 18 19 21)
(0 1 3 5 6 7 8 10 11 12 14 16 17 18 19 21)
(0 1 3 4 6 7 8 10 11 12 14 15 17 18 19 21)
(0 1 3 6 7 8 10 11 12 14 17 18 19 21)
(0 1 3 4 5 7 8 10 11 12 14 15 16 18 19 21)
(0 1 3 5 7 8 10 11 12 14 16 18 19 21)
(0 1 3 4 7 8 10 11 12 14 15 18 19 21)
(0 1 3 5 8 9 11 12 14 16 19 20)
(0 1 3 4 8 9 11 12 14 15 19 20)
(0 1 3 8 9 11 12 14 19 20)
(0 1 3 4 5 6 7 9 11 12 14 15 16 17 18 20)
(0 1 3 5 6 7 9 11 12 14 16 17 18 20)
(0 1 3 4 6 7 9 11 12 14 15 17 18 20)
(0 1 3 6 7 9 11 12 14 17 18 20)
(0 1 3 4 5 7 9 11 12 14 15 16 18 20)
(0 1 3 5 7 9 11 12 14 16 18 20)
(0 1 3 4 7 9 11 12 14 15 18 20)
(0 1 3 7 9 11 12 14 18 20)
(0 1 3 4 5 6 9 11 12 14 15 16 17 20)
(0 1 3 5 6 9 11 12 14 16 17 20)
(0 1 3 4 6 9 11 12 14 15 17 20)
(0 1 3 6 9 11 12 14 17 20)
(0 1 3 4 5 9 11 12 14 15 16 20)
(0 1 3 5 9 11 12 14 16 20)
(0 1 3 4 9 11 12 14 15 20)
(0 1 3 9 11 12 14 20)
(0 1 3 4 5 6 7 8 11 12 14 15 16 17 18 19)
(0 1 3 5 6 7 8 11 12 14 16 17 18 19)
(0 1 3 4 6 7 8 11 12 14 15 17 18 19)
(0 1 3 6 7 8 11 12 14 17 18 19)
(0 1 3 4 5 7 8 11 12 14 15 16 18 19)
(0 1 3 5 7 8 11 12 14 16 18 19)
(0 1 3 4 7 8 11 12 14 15 18 19)
(0 1 3 7 8 11 12 14 18 19)
(0 1 3 4 5 6 8 11 12 14 15 16 17 19)
(0 1 3 5 6 8 11 12 14 16 17 19)
(0 1 3 4 6 8 11 12 14 15 17 19)
(0 1 3 6 8 11 12 14 17 19)
(0 1 3 4 5 8 11 12 14 15 16 19)
(0 1 3 5 8 11 12 14 16 19)
(0 1 3 4 8 11 12 14 15 19)
(0 1 3 8 11 12 14 19)
(0 1 3 4 5 6 7 11 12 14 15 16 17 18)
(0 1 3 5 6 7 11 12 14 16 17 18)
(0 1 3 4 6 7 11 12 14 15 17 18)
(0 1 3 6 7 11 12 14 17 18)
(0 1 3 4 5 7 11 12 14 15 16 18)
(0 1 3 5 7 11 12 14 16 18)
(0 1 3 4 7 11 12 14 15 18)
(0 1 3 7 11 12 14 18)
(0 1 3 4 5 6 11 12 14 15 16 17)
(0 1 3 5 6 11 12 14 16 17)
(0 1 3 4 6 11 12 14 15 17)
(0 1 3 6 11 12 14 17)
(0 1 3 4 5 11 12 14 15 16)
(0 1 3 5 11 12 14 16)
(0 1 3 4 11 12 14 15)
(0 1 3 11 12 14)
(0 7 10 11 18 21)
(0 8 9 10 11 19 20 21)
(0 8 9 11 19 20)
(0 6 11 17)
(0 2 4 5 8 9 11 13 15 16 19 20)
(0 2 4 6 8 9 11 13 15 17 19 20)
(0 1 5 6 8 9 11 12 16 17 19 20)
(0 2 4 5 6 8 9 11 13 15 16 17 19 20)
(0 2 4 7 8 9 11 13 15 18 19 20)
(0 1 5 7 8 9 11 12 16 18 19 20)
(0 2 4 5 7 8 9 11 13 15 16 18 19 20)
(0 2 4 6 7 8 9 11 13 15 17 18 19 20)
(0 1 5 6 7 8 9 11 12 16 17 18 19 20)
(0 2 4 5 6 7 8 9 11 13 15 16 17 18 19 20)
(0 2 4 10 11 13 15 21)
(0 1 5 10 11 12 16 21)
(0 2 4 5 10 11 13 15 16 21)
(0 2 4 6 10 11 13 15 17 21)
(0 1 5 6 10 11 12 16 17 21)
(0 2 4 5 6 10 11 13 15 16 17 21)
(0 2 4 7 10 11 13 15 18 21)
(0 1 5 7 10 11 12 16 18 21)
(0 2 4 5 7 10 11 13 15 16 18 21)
(0 2 4 6 7 10 11 13 15 17 18 21)
(0 1 5 6 7 10 11 12 16 17 18 21)
(0 2 4 5 6 7 10 11 13 15 16 17 18 21)
(0 2 4 8 10 11 13 15 19 21)
(0 1 5 8 10 11 12 16 19 21)
(0 2 4 5 8 10 11 13 15 16 19 21)
(0 2 4 6 8 10 11 13 15 17 19 21)
(0 1 5 6 8 10 11 12 16 17 19 21)
(0 2 4 5 6 8 10 11 13 15 16 17 19 21)
(0 2 4 7 8 10 11 13 15 18 19 21)
(0 2 4 6 7 9 10 11 13 15 17 18 20 21)
(0 1 5 6 7 9 10 11 12 16 17 18 20 21)
(0 2 4 5 6 7 9 10 11 13 15 16 17 18 20 21)
(0 2 4 8 9 10 11 13 15 19 20 21)
(0 1 5 8 9 10 11 12 16 19 20 21)
(0 2 4 5 8 9 10 11 13 15 16 19 20 21)
(0 2 4 6 8 9 10 11 13 15 17 19 20 21)
(0 1 5 6 8 9 10 11 12 16 17 19 20 21)
(0 2 4 5 6 8 9 10 11 13 15 16 17 19 20 21)
(0 2 4 7 8 9 10 11 13 15 18 19 20 21)
(0 1 5 7 8 9 10 11 12 16 18 19 20 21)
(0 2 4 5 7 8 9 10 11 13 15 16 18 19 20 21)
(0 2 4 6 7 8 9 10 11 13 15 17 18 19 20 21)
(0 1 5 6 7 8 9 10 11 12 16 17 18 19 20 21)
(0 2 4 5 6 7 8 9 10 11 13 15 16 17 18 19 20 21)
(0 2 4 5 7 9 10 11 13 15 16 18 20 21)
(0 1 5 7 9 10 11 12 16 18 20 21)
(0 2 4 7 9 10 11 13 15 18 20 21)
(0 2 4 5 6 9 10 11 13 15 16 17 20 21)
(0 1 5 6 9 10 11 12 16 17 20 21)
(0 2 4 6 9 10 11 13 15 17 20 21)
(0 2 4 5 9 10 11 13 15 16 20 21)
(0 1 5 9 10 11 12 16 20 21)
(0 2 4 9 10 11 13 15 20 21)
(0 2 4 5 6 7 8 10 11 13 15 16 17 18 19 21)
(0 1 5 6 7 8 10 11 12 16 17 18 19 21)
(0 2 4 6 7 8 10 11 13 15 17 18 19 21)
(0 2 4 5 7 8 10 11 13 15 16 18 19 21)
(0 1 5 7 8 10 11 12 16 18 19 21)
(0 1 5 8 9 11 12 16 19 20)
(0 2 4 8 9 11 13 15 19 20)
(0 2 4 5 6 7 9 11 13 15 16 17 18 20)
(0 1 5 6 7 9 11 12 16 17 18 20)
(0 2 4 6 7 9 11 13 15 17 18 20)
(0 2 4 5 7 9 11 13 15 16 18 20)
(0 1 5 7 9 11 12 16 18 20)
(0 2 4 7 9 11 13 15 18 20)
(0 2 4 5 6 9 11 13 15 16 17 20)
(0 1 5 6 9 11 12 16 17 20)
(0 2 4 6 9 11 13 15 17 20)
(0 2 4 5 9 11 13 15 16 20)
(0 1 5 9 11 12 16 20)
(0 2 4 9 11 13 15 20)
(0 2 4 5 6 7 8 11 13 15 16 17 18 19)
(0 1 5 6 7 8 11 12 16 17 18 19)
(0 2 4 6 7 8 11 13 15 17 18 19)
(0 2 4 5 7 8 11 13 15 16 18 19)
(0 1 5 7 8 11 12 16 18 19)
(0 2 4 7 8 11 13 15 18 19)
(0 2 4 5 6 8 11 13 15 16 17 19)
(0 1 5 6 8 11 12 16 17 19)
(0 2 4 6 8 11 13 15 17 19)
(0 2 4 5 8 11 13 15 16 19)
(0 1 5 8 11 12 16 19)
(0 2 4 8 11 13 15 19)
(0 2 4 5 6 7 11 13 15 16 17 18)
(0 1 5 6 7 11 12 16 17 18)
(0 2 4 6 7 11 13 15 17 18)
(0 2 4 5 7 11 13 15 16 18)
(0 1 5 7 11 12 16 18)
(0 2 4 7 11 13 15 18)
(0 2 4 5 6 11 13 15 16 17)
(0 1 5 6 11 12 16 17)
(0 2 4 6 11 13 15 17)
(0 2 4 5 11 13 15 16)
(0 1 5 11 12 16)
(0 2 4 11 13 15)
(0 2 4 6 8 10 12 14 16 18 20)
(0 9 10 11 20 21)
(0 8 11 19)
(0 2 6 8 9 11 13 17 19 20)
(0 3 5 6 8 9 11 14 16 17 19 20)
(0 1 7 8 9 11 12 18 19 20)
(0 3 5 7 8 9 11 14 16 18 19 20)
(0 2 6 7 8 9 11 13 17 18 19 20)
(0 3 5 6 7 8 9 11 14 16 17 18 19 20)
(0 3 5 10 11 14 16 21)
(0 2 6 10 11 13 17 21)
(0 3 5 6 10 11 14 16 17 21)
(0 1 7 10 11 12 18 21)
(0 3 5 7 10 11 14 16 18 21)
(0 2 6 7 10 11 13 17 18 21)
(0 3 5 6 7 10 11 14 16 17 18 21)
(0 3 5 8 10 11 14 16 19 21)
(0 2 6 8 10 11 13 17 19 21)
(0 3 5 6 8 10 11 14 16 17 19 21)
(0 1 7 8 10 11 12 18 19 21)
(0 3 5 6 7 9 10 11 14 16 17 18 20 21)
(0 3 5 8 9 10 11 14 16 19 20 21)
(0 2 6 8 9 10 11 13 17 19 20 21)
(0 3 5 6 8 9 10 11 14 16 17 19 20 21)
(0 1 7 8 9 10 11 12 18 19 20 21)
(0 3 5 7 8 9 10 11 14 16 18 19 20 21)
(0 2 6 7 8 9 10 11 13 17 18 19 20 21)
(0 3 5 6 7 8 9 10 11 14 16 17 18 19 20 21)
(0 2 6 7 9 10 11 13 17 18 20 21)
(0 3 5 7 9 10 11 14 16 18 20 21)
(0 1 7 9 10 11 12 18 20 21)
(0 3 5 6 9 10 11 14 16 17 20 21)
(0 2 6 9 10 11 13 17 20 21)
(0 3 5 9 10 11 14 16 20 21)
(0 3 5 6 7 8 10 11 14 16 17 18 19 21)
(0 2 6 7 8 10 11 13 17 18 19 21)
(0 3 5 7 8 10 11 14 16 18 19 21)
(0 3 5 8 9 11 14 16 19 20)
(0 3 5 6 7 9 11 14 16 17 18 20)
(0 2 6 7 9 11 13 17 18 20)
(0 3 5 7 9 11 14 16 18 20)
(0 1 7 9 11 12 18 20)
(0 3 5 6 9 11 14 16 17 20)
(0 2 6 9 11 13 17 20)
(0 3 5 9 11 14 16 20)
(0 3 5 6 7 8 11 14 16 17 18 19)
(0 2 6 7 8 11 13 17 18 19)
(0 3 5 7 8 11 14 16 18 19)
(0 1 7 8 11 12 18 19)
(0 3 5 6 8 11 14 16 17 19)
(0 2 6 8 11 13 17 19)
(0 3 5 8 11 14 16 19)
(0 3 5 6 7 11 14 16 17 18)
(0 2 6 7 11 13 17 18)
(0 3 5 7 11 14 16 18)
(0 1 7 11 12 18)
(0 3 5 6 11 14 16 17)
(0 2 6 11 13 17)
(0 3 5 11 14 16)
(0 10 11 21)
(0 11)
(0 4 6 8 9 11 15 17 19 20)
(0 3 7 8 9 11 14 18 19 20)
(0 4 6 7 8 9 11 15 17 18 19 20)
(0 4 6 10 11 15 17 21)
(0 3 7 10 11 14 18 21)
(0 4 6 7 10 11 15 17 18 21)
(0 2 8 10 11 13 19 21)
(0 4 6 8 10 11 15 17 19 21)
(0 3 7 8 10 11 14 18 19 21)
(0 4 6 7 9 10 11 15 17 18 20 21)
(0 2 8 9 10 11 13 19 20 21)
(0 4 6 8 9 10 11 15 17 19 20 21)
(0 3 7 8 9 10 11 14 18 19 20 21)
(0 4 6 7 8 9 10 11 15 17 18 19 20 21)
(0 3 7 9 10 11 14 18 20 21)
(0 4 6 9 10 11 15 17 20 21)
(0 1 9 10 11 12 20 21)
(0 4 6 7 8 10 11 15 17 18 19 21)
(0 2 8 9 11 13 19 20)
(0 4 6 7 9 11 15 17 18 20)
(0 3 7 9 11 14 18 20)
(0 4 6 9 11 15 17 20)
(0 1 9 11 12 20)
(0 4 6 7 8 11 15 17 18 19)
(0 3 7 8 11 14 18 19)
(0 4 6 8 11 15 17 19)
(0 2 8 11 13 19)
(0 4 6 7 11 15 17 18)
(0 3 7 11 14 18)
(0 4 6 11 15 17)
(0 5 7 8 9 11 16 18 19 20)
(0 2 10 11 13 21)
(0 5 7 10 11 16 18 21)
(0 4 8 10 11 15 19 21)
(0 4 8 9 10 11 15 19 20 21)
(0 5 7 8 9 10 11 16 18 19 20 21)
(0 5 7 9 10 11 16 18 20 21)
(0 3 9 10 11 14 20 21)
(0 5 7 8 10 11 16 18 19 21)
(0 4 8 9 11 15 19 20)
(0 5 7 9 11 16 18 20)
(0 3 9 11 14 20)
(0 5 7 8 11 16 18 19)
(0 4 8 11 15 19)
(0 5 7 11 16 18)
(0 1 11 12)
(0 6 8 9 11 17 19 20)
(0 4 10 11 15 21)
(0 6 8 10 11 17 19 21)
(0 6 8 9 10 11 17 19 20 21)
(0 5 9 10 11 16 20 21)
(0 5 9 11 16 20)
(0 6 8 11 17 19)
(0 3 11 14)
(0 1 2 3 5 8 9 11 12 13 14 16 19 20)
(0 1 2 4 5 8 9 11 12 13 15 16 19 20)
(0 1 2 3 4 5 8 9 11 12 13 14 15 16 19 20)
(0 1 2 6 8 9 11 12 13 17 19 20)
(0 1 2 3 6 8 9 11 12 13 14 17 19 20)
(0 1 2 4 6 8 9 11 12 13 15 17 19 20)
(0 1 2 3 4 6 8 9 11 12 13 14 15 17 19 20)
(0 1 2 5 6 8 9 11 12 13 16 17 19 20)
(0 1 2 3 5 6 8 9 11 12 13 14 16 17 19 20)
(0 1 2 4 5 6 8 9 11 12 13 15 16 17 19 20)
(0 1 2 3 4 5 6 8 9 11 12 13 14 15 16 17 19 20)
(0 1 2 7 8 9 11 12 13 18 19 20)
(0 1 2 3 7 8 9 11 12 13 14 18 19 20)
(0 1 2 4 7 8 9 11 12 13 15 18 19 20)
(0 1 2 3 4 7 8 9 11 12 13 14 15 18 19 20)
(0 1 2 5 7 8 9 11 12 13 16 18 19 20)
(0 1 2 3 5 7 8 9 11 12 13 14 16 18 19 20)
(0 1 2 4 5 7 8 9 11 12 13 15 16 18 19 20)
(0 1 2 3 4 5 7 8 9 11 12 13 14 15 16 18 19 20)
(0 1 2 6 7 8 9 11 12 13 17 18 19 20)
(0 1 2 3 6 7 8 9 11 12 13 14 17 18 19 20)
(0 1 2 4 6 7 8 9 11 12 13 15 17 18 19 20)
(0 1 2 3 4 6 7 8 9 11 12 13 14 15 17 18 19 20)
(0 1 2 5 6 7 8 9 11 12 13 16 17 18 19 20)
(0 1 2 3 5 6 7 8 9 11 12 13 14 16 17 18 19 20)
(0 1 2 4 5 6 7 8 9 11 12 13 15 16 17 18 19 20)
(0 1 2 3 4 5 6 7 8 9 11 12 13 14 15 16 17 18 19 20)
(0 1 2 10 11 12 13 21)
(0 1 2 3 10 11 12 13 14 21)
(0 1 2 4 10 11 12 13 15 21)
(0 1 2 3 4 10 11 12 13 14 15 21)
(0 1 2 5 10 11 12 13 16 21)
(0 1 2 3 5 10 11 12 13 14 16 21)
(0 1 2 4 5 10 11 12 13 15 16 21)
(0 1 2 3 4 5 10 11 12 13 14 15 16 21)
(0 1 2 6 10 11 12 13 17 21)
(0 1 2 3 6 10 11 12 13 14 17 21)
(0 1 2 4 6 10 11 12 13 15 17 21)
(0 1 2 3 4 6 10 11 12 13 14 15 17 21)
(0 1 2 5 6 10 11 12 13 16 17 21)
(0 1 2 3 5 6 10 11 12 13 14 16 17 21)
(0 1 2 4 5 6 10 11 12 13 15 16 17 21)
(0 1 2 3 4 5 6 10 11 12 13 14 15 16 17 21)
(0 1 2 7 10 11 12 13 18 21)
(0 1 2 3 7 10 11 12 13 14 18 21)
(0 1 2 4 7 10 11 12 13 15 18 21)
(0 1 2 3 4 7 10 11 12 13 14 15 18 21)
(0 1 2 5 7 10 11 12 13 16 18 21)
(0 1 2 3 5 7 10 11 12 13 14 16 18 21)
(0 1 2 4 5 7 10 11 12 13 15 16 18 21)
(0 1 2 3 4 5 7 10 11 12 13 14 15 16 18 21)
(0 1 2 6 7 10 11 12 13 17 18 21)
(0 1 2 3 6 7 10 11 12 13 14 17 18 21)
(0 1 2 4 6 7 10 11 12 13 15 17 18 21)
(0 1 2 3 4 6 7 10 11 12 13 14 15 17 18 21)
(0 1 2 5 6 7 10 11 12 13 16 17 18 21)
(0 1 2 3 5 6 7 10 11 12 13 14 16 17 18 21)
(0 1 2 4 5 6 7 10 11 12 13 15 16 17 18 21)
(0 1 2 3 4 5 6 7 10 11 12 13 14 15 16 17 18 21)
(0 1 2 8 10 11 12 13 19 21)
(0 1 2 3 8 10 11 12 13 14 19 21)
(0 1 2 4 8 10 11 12 13 15 19 21)
(0 1 2 3 4 8 10 11 12 13 14 15 19 21)
(0 1 2 5 8 10 11 12 13 16 19 21)
(0 1 2 3 5 8 10 11 12 13 14 16 19 21)
(0 1 2 4 5 8 10 11 12 13 15 16 19 21)
(0 1 2 3 4 5 8 10 11 12 13 14 15 16 19 21)
(0 1 2 6 8 10 11 12 13 17 19 21)
(0 1 2 3 6 8 10 11 12 13 14 17 19 21)
(0 1 2 4 6 8 10 11 12 13 15 17 19 21)
(0 1 2 3 4 6 8 10 11 12 13 14 15 17 19 21)
(0 1 2 5 6 8 10 11 12 13 16 17 19 21)
(0 1 2 3 5 6 8 10 11 12 13 14 16 17 19 21)
(0 1 2 4 5 6 8 10 11 12 13 15 16 17 19 21)
(0 1 2 3 4 5 6 8 10 11 12 13 14 15 16 17 19 21)
(0 1 2 7 8 10 11 12 13 18 19 21)
(0 1 2 3 7 8 10 11 12 13 14 18 19 21)
(0 1 2 4 7 8 10 11 12 13 15 18 19 21)
(0 1 2 4 6 7 9 10 11 12 13 15 17 18 20 21)
(0 1 2 3 4 6 7 9 10 11 12 13 14 15 17 18 20 21)
(0 1 2 5 6 7 9 10 11 12 13 16 17 18 20 21)
(0 1 2 3 5 6 7 9 10 11 12 13 14 16 17 18 20 21)
(0 1 2 4 5 6 7 9 10 11 12 13 15 16 17 18 20 21)
(0 1 2 3 4 5 6 7 9 10 11 12 13 14 15 16 17 18 20 21)
(0 1 2 8 9 10 11 12 13 19 20 21)
(0 1 2 3 8 9 10 11 12 13 14 19 20 21)
(0 1 2 4 8 9 10 11 12 13 15 19 20 21)
(0 1 2 3 4 8 9 10 11 12 13 14 15 19 20 21)
(0 1 2 5 8 9 10 11 12 13 16 19 20 21)
(0 1 2 3 5 8 9 10 11 12 13 14 16 19 20 21)
(0 1 2 4 5 8 9 10 11 12 13 15 16 19 20 21)
(0 1 2 3 4 5 8 9 10 11 12 13 14 15 16 19 20 21)
(0 1 2 6 8 9 10 11 12 13 17 19 20 21)
(0 1 2 3 6 8 9 10 11 12 13 14 17 19 20 21)
(0 1 2 4 6 8 9 10 11 12 13 15 17 19 20 21)
(0 1 2 3 4 6 8 9 10 11 12 13 14 15 17 19 20 21)
(0 1 2 5 6 8 9 10 11 12 13 16 17 19 20 21)
(0 1 2 3 5 6 8 9 10 11 12 13 14 16 17 19 20 21)
(0 1 2 4 5 6 8 9 10 11 12 13 15 16 17 19 20 21)
(0 1 2 3 4 5 6 8 9 10 11 12 13 14 15 16 17 19 20 21)
(0 1 2 7 8 9 10 11 12 13 18 19 20 21)
(0 1 2 3 7 8 9 10 11 12 13 14 18 19 20 21)
(0 1 2 4 7 8 9 10 11 12 13 15 18 19 20 21)
(0 1 2 3 4 7 8 9 10 11 12 13 14 15 18 19 20 21)
(0 1 2 5 7 8 9 10 11 12 13 16 18 19 20 21)
(0 1 2 3 5 7 8 9 10 11 12 13 14 16 18 19 20 21)
(0 1 2 4 5 7 8 9 10 11 12 13 15 16 18 19 20 21)
(0 1 2 3 4 5 7 8 9 10 11 12 13 14 15 16 18 19 20 21)
(0 1 2 6 7 8 9 10 11 12 13 17 18 19 20 21)
(0 1 2 3 6 7 8 9 10 11 12 13 14 17 18 19 20 21)
(0 1 2 4 6 7 8 9 10 11 12 13 15 17 18 19 20 21)
(0 1 2 3 4 6 7 8 9 10 11 12 13 14 15 17 18 19 20 21)
(0 1 2 5 6 7 8 9 10 11 12 13 16 17 18 19 20 21)
(0 1 2 3 5 6 7 8 9 10 11 12 13 14 16 17 18 19 20 21)
(0 1 2 4 5 6 7 8 9 10 11 12 13 15 16 17 18 19 20 21)
(0 1 2 3 4 5 6 7 8 9 10 11 12 13 14 15 16 17 18 19 20 21)
(0 1 2 3 6 7 9 10 11 12 13 14 17 18 20 21)
(0 1 2 6 7 9 10 11 12 13 17 18 20 21)
(0 1 2 3 4 5 7 9 10 11 12 13 14 15 16 18 20 21)
(0 1 2 4 5 7 9 10 11 12 13 15 16 18 20 21)
(0 1 2 3 5 7 9 10 11 12 13 14 16 18 20 21)
(0 1 2 5 7 9 10 11 12 13 16 18 20 21)
(0 1 2 3 4 7 9 10 11 12 13 14 15 18 20 21)
(0 1 2 4 7 9 10 11 12 13 15 18 20 21)
(0 1 2 3 7 9 10 11 12 13 14 18 20 21)
(0 1 2 7 9 10 11 12 13 18 20 21)
(0 1 2 3 4 5 6 9 10 11 12 13 14 15 16 17 20 21)
(0 1 2 4 5 6 9 10 11 12 13 15 16 17 20 21)
(0 1 2 3 5 6 9 10 11 12 13 14 16 17 20 21)
(0 1 2 5 6 9 10 11 12 13 16 17 20 21)
(0 1 2 3 4 6 9 10 11 12 13 14 15 17 20 21)
(0 1 2 4 6 9 10 11 12 13 15 17 20 21)
(0 1 2 3 6 9 10 11 12 13 14 17 20 21)
(0 1 2 6 9 10 11 12 13 17 20 21)
(0 1 2 3 4 5 9 10 11 12 13 14 15 16 20 21)
(0 1 2 4 5 9 10 11 12 13 15 16 20 21)
(0 1 2 3 5 9 10 11 12 13 14 16 20 21)
(0 1 2 5 9 10 11 12 13 16 20 21)
(0 1 2 3 4 9 10 11 12 13 14 15 20 21)
(0 1 2 4 9 10 11 12 13 15 20 21)
(0 1 2 3 9 10 11 12 13 14 20 21)
(0 1 2 9 10 11 12 13 20 21)
(0 1 2 3 4 5 6 7 8 10 11 12 13 14 15 16 17 18 19 21)
(0 1 2 4 5 6 7 8 10 11 12 13 15 16 17 18 19 21)
(0 1 2 3 5 6 7 8 10 11 12 13 14 16 17 18 19 21)
(0 1 2 5 6 7 8 10 11 12 13 16 17 18 19 21)
(0 1 2 3 4 6 7 8 10 11 12 13 14 15 17 18 19 21)
(0 1 2 4 6 7 8 10 11 12 13 15 17 18 19 21)
(0 1 2 3 6 7 8 10 11 12 13 14 17 18 19 21)
(0 1 2 6 7 8 10 11 12 13 17 18 19 21)
(0 1 2 3 4 5 7 8 10 11 12 13 14 15 16 18 19 21)
(0 1 2 4 5 7 8 10 11 12 13 15 16 18 19 21)
(0 1 2 3 5 7 8 10 11 12 13 14 16 18 19 21)
(0 1 2 5 7 8 10 11 12 13 16 18 19 21)
(0 1 2 3 4 7 8 10 11 12 13 14 15 18 19 21)
(0 1 2 5 8 9 11 12 13 16 19 20)
(0 1 2 3 4 8 9 11 12 13 14 15 19 20)
(0 1 2 4 8 9 11 12 13 15 19 20)
(0 1 2 3 8 9 11 12 13 14 19 20)
(0 1 2 8 9 11 12 13 19 20)
(0 1 2 3 4 5 6 7 9 11 12 13 14 15 16 17 18 20)
(0 1 2 4 5 6 7 9 11 12 13 15 16 17 18 20)
(0 1 2 3 5 6 7 9 11 12 13 14 16 17 18 20)
(0 1 2 5 6 7 9 11 12 13 16 17 18 20)
(0 1 2 3 4 6 7 9 11 12 13 14 15 17 18 20)
(0 1 2 4 6 7 9 11 12 13 15 17 18 20)
(0 1 2 3 6 7 9 11 12 13 14 17 18 20)
(0 1 2 6 7 9 11 12 13 17 18 20)
(0 1 2 3 4 5 7 9 11 12 13 14 15 16 18 20)
(0 1 2 4 5 7 9 11 12 13 15 16 18 20)
(0 1 2 3 5 7 9 11 12 13 14 16 18 20)
(0 1 2 5 7 9 11 12 13 16 18 20)
(0 1 2 3 4 7 9 11 12 13 14 15 18 20)
(0 1 2 4 7 9 11 12 13 15 18 20)
(0 1 2 3 7 9 11 12 13 14 18 20)
(0 1 2 7 9 11 12 13 18 20)
(0 1 2 3 4 5 6 9 11 12 13 14 15 16 17 20)
(0 1 2 4 5 6 9 11 12 13 15 16 17 20)
(0 1 2 3 5 6 9 11 12 13 14 16 17 20)
(0 1 2 5 6 9 11 12 13 16 17 20)
(0 1 2 3 4 6 9 11 12 13 14 15 17 20)
(0 1 2 4 6 9 11 12 13 15 17 20)
(0 1 2 3 6 9 11 12 13 14 17 20)
(0 1 2 6 9 11 12 13 17 20)
(0 1 2 3 4 5 9 11 12 13 14 15 16 20)
(0 1 2 4 5 9 11 12 13 15 16 20)
(0 1 2 3 5 9 11 12 13 14 16 20)
(0 1 2 5 9 11 12 13 16 20)
(0 1 2 3 4 9 11 12 13 14 15 20)
(0 1 2 4 9 11 12 13 15 20)
(0 1 2 3 9 11 12 13 14 20)
(0 1 2 9 11 12 13 20)
(0 1 2 3 4 5 6 7 8 11 12 13 14 15 16 17 18 19)
(0 1 2 4 5 6 7 8 11 12 13 15 16 17 18 19)
(0 1 2 3 5 6 7 8 11 12 13 14 16 17 18 19)
(0 1 2 5 6 7 8 11 12 13 16 17 18 19)
(0 1 2 3 4 6 7 8 11 12 13 14 15 17 18 19)
(0 1 2 4 6 7 8 11 12 13 15 17 18 19)
(0 1 2 3 6 7 8 11 12 13 14 17 18 19)
(0 1 2 6 7 8 11 12 13 17 18 19)
(0 1 2 3 4 5 7 8 11 12 13 14 15 16 18 19)
(0 1 2 4 5 7 8 11 12 13 15 16 18 19)
(0 1 2 3 5 7 8 11 12 13 14 16 18 19)
(0 1 2 5 7 8 11 12 13 16 18 19)
(0 1 2 3 4 7 8 11 12 13 14 15 18 19)
(0 1 2 4 7 8 11 12 13 15 18 19)
(0 1 2 3 7 8 11 12 13 14 18 19)
(0 1 2 7 8 11 12 13 18 19)
(0 1 2 3 4 5 6 8 11 12 13 14 15 16 17 19)
(0 1 2 4 5 6 8 11 12 13 15 16 17 19)
(0 1 2 3 5 6 8 11 12 13 14 16 17 19)
(0 1 2 5 6 8 11 12 13 16 17 19)
(0 1 2 3 4 6 8 11 12 13 14 15 17 19)
(0 1 2 4 6 8 11 12 13 15 17 19)
(0 1 2 3 6 8 11 12 13 14 17 19)
(0 1 2 6 8 11 12 13 17 19)
(0 1 2 3 4 5 8 11 12 13 14 15 16 19)
(0 1 2 4 5 8 11 12 13 15 16 19)
(0 1 2 3 5 8 11 12 13 14 16 19)
(0 1 2 5 8 11 12 13 16 19)
(0 1 2 3 4 8 11 12 13 14 15 19)
(0 1 2 4 8 11 12 13 15 19)
(0 1 2 3 8 11 12 13 14 19)
(0 1 2 8 11 12 13 19)
(0 1 2 3 4 5 6 7 11 12 13 14 15 16 17 18)
(0 1 2 4 5 6 7 11 12 13 15 16 17 18)
(0 1 2 3 5 6 7 11 12 13 14 16 17 18)
(0 1 2 5 6 7 11 12 13 16 17 18)
(0 1 2 3 4 6 7 11 12 13 14 15 17 18)
(0 1 2 4 6 7 11 12 13 15 17 18)
(0 1 2 3 6 7 11 12 13 14 17 18)
(0 1 2 6 7 11 12 13 17 18)
(0 1 2 3 4 5 7 11 12 13 14 15 16 18)
(0 1 2 4 5 7 11 12 13 15 16 18)
(0 1 2 3 5 7 11 12 13 14 16 18)
(0 1 2 5 7 11 12 13 16 18)
(0 1 2 3 4 7 11 12 13 14 15 18)
(0 1 2 4 7 11 12 13 15 18)
(0 1 2 3 7 11 12 13 14 18)
(0 1 2 7 11 12 13 18)
(0 1 2 3 4 5 6 11 12 13 14 15 16 17)
(0 1 2 4 5 6 11 12 13 15 16 17)
(0 1 2 3 5 6 11 12 13 14 16 17)
(0 1 2 5 6 11 12 13 16 17)
(0 1 2 3 4 6 11 12 13 14 15 17)
(0 1 2 4 6 11 12 13 15 17)
(0 1 2 3 6 11 12 13 14 17)
(0 1 2 6 11 12 13 17)
(0 1 2 3 4 5 11 12 13 14 15 16)
(0 1 2 4 5 11 12 13 15 16)
(0 1 2 3 5 11 12 13 14 16)
(0 1 2 5 11 12 13 16)
(0 1 2 3 4 11 12 13 14 15)
(0 1 2 4 11 12 13 15)
(0 1 2 3 11 12 13 14)
(0 1 2 11 12 13)

** symmetrical scales (2048)
(0)
(0 11)
(0 1 21)
(0 2 20)
(0 3 19)
(0 4 18)
(0 5 17)
(0 6 16)
(0 7 15)
(0 8 14)
(0 9 13)
(0 10 12)
(0 1 11 21)
(0 2 11 20)
(0 3 11 19)
(0 4 11 18)
(0 5 11 17)
(0 6 11 16)
(0 7 11 15)
(0 8 11 14)
(0 9 11 13)
(0 10 11 12)
(0 1 2 20 21)
(0 1 3 19 21)
(0 1 4 18 21)
(0 1 5 17 21)
(0 1 6 16 21)
(0 1 7 15 21)
(0 1 8 14 21)
(0 1 9 13 21)
(0 1 10 12 21)
(0 2 3 19 20)
(0 2 4 18 20)
(0 2 5 17 20)
(0 2 6 16 20)
(0 2 7 15 20)
(0 2 8 14 20)
(0 2 9 13 20)
(0 2 10 12 20)
(0 3 4 18 19)
(0 3 5 17 19)
(0 3 6 16 19)
(0 3 7 15 19)
(0 3 8 14 19)
(0 3 9 13 19)
(0 3 10 12 19)
(0 4 5 17 18)
(0 4 6 16 18)
(0 4 7 15 18)
(0 4 8 14 18)
(0 4 9 13 18)
(0 4 10 12 18)
(0 5 6 16 17)
(0 5 7 15 17)
(0 5 8 14 17)
(0 5 9 13 17)
(0 5 10 12 17)
(0 6 7 15 16)
(0 6 8 14 16)
(0 6 9 13 16)
(0 6 10 12 16)
(0 7 8 14 15)
(0 7 9 13 15)
(0 7 10 12 15)
(0 8 9 13 14)
(0 8 10 12 14)
(0 9 10 12 13)
(0 1 2 11 20 21)
(0 1 3 11 19 21)
(0 1 4 11 18 21)
(0 1 5 11 17 21)
(0 1 6 11 16 21)
(0 1 7 11 15 21)
(0 1 8 11 14 21)
(0 1 9 11 13 21)
(0 1 10 11 12 21)
(0 2 3 11 19 20)
(0 2 4 11 18 20)
(0 2 5 11 17 20)
(0 2 6 11 16 20)
(0 2 7 11 15 20)
(0 2 8 11 14 20)
(0 2 9 11 13 20)
(0 2 10 11 12 20)
(0 3 4 11 18 19)
(0 3 5 11 17 19)
(0 3 6 11 16 19)
(0 3 7 11 15 19)
(0 3 8 11 14 19)
(0 3 9 11 13 19)
(0 3 10 11 12 19)
(0 4 5 11 17 18)
(0 4 6 11 16 18)
(0 4 7 11 15 18)
(0 4 8 11 14 18)
(0 4 9 11 13 18)
(0 4 10 11 12 18)
(0 5 6 11 16 17)
(0 5 7 11 15 17)
(0 5 8 11 14 17)
(0 5 9 11 13 17)
(0 5 10 11 12 17)
(0 6 7 11 15 16)
(0 6 8 11 14 16)
(0 6 9 11 13 16)
(0 6 10 11 12 16)
(0 7 8 11 14 15)
(0 7 9 11 13 15)
(0 7 10 11 12 15)
(0 8 9 11 13 14)
(0 8 10 11 12 14)
(0 9 10 11 12 13)
(0 1 2 3 19 20 21)
(0 1 2 4 18 20 21)
(0 1 2 5 17 20 21)
(0 1 2 6 16 20 21)
(0 1 2 7 15 20 21)
(0 1 2 8 14 20 21)
(0 1 2 9 13 20 21)
(0 1 2 10 12 20 21)
(0 1 3 4 18 19 21)
(0 1 3 5 17 19 21)
(0 1 3 6 16 19 21)
(0 1 3 7 15 19 21)
(0 1 3 8 14 19 21)
(0 1 3 9 13 19 21)
(0 1 3 10 12 19 21)
(0 1 4 5 17 18 21)
(0 1 4 6 16 18 21)
(0 1 4 7 15 18 21)
(0 1 4 8 14 18 21)
(0 1 4 9 13 18 21)
(0 1 4 10 12 18 21)
(0 1 5 6 16 17 21)
(0 1 5 7 15 17 21)
(0 1 5 8 14 17 21)
(0 1 5 9 13 17 21)
(0 1 5 10 12 17 21)
(0 1 6 7 15 16 21)
(0 1 6 8 14 16 21)
(0 1 6 9 13 16 21)
(0 1 6 10 12 16 21)
(0 1 7 8 14 15 21)
(0 1 7 9 13 15 21)
(0 1 7 10 12 15 21)
(0 1 8 9 13 14 21)
(0 1 8 10 12 14 21)
(0 1 9 10 12 13 21)
(0 2 3 4 18 19 20)
(0 2 3 5 17 19 20)
(0 2 3 6 16 19 20)
(0 2 3 7 15 19 20)
(0 2 3 8 14 19 20)
(0 2 3 9 13 19 20)
(0 2 3 10 12 19 20)
(0 2 4 5 17 18 20)
(0 2 4 6 16 18 20)
(0 2 4 7 15 18 20)
(0 2 4 8 14 18 20)
(0 2 4 9 13 18 20)
(0 2 4 10 12 18 20)
(0 2 5 6 16 17 20)
(0 2 5 7 15 17 20)
(0 2 5 8 14 17 20)
(0 2 5 9 13 17 20)
(0 2 5 10 12 17 20)
(0 2 6 7 15 16 20)
(0 2 6 8 14 16 20)
(0 2 6 9 13 16 20)
(0 2 6 10 12 16 20)
(0 2 7 8 14 15 20)
(0 2 7 9 13 15 20)
(0 2 7 10 12 15 20)
(0 2 8 9 13 14 20)
(0 2 8 10 12 14 20)
(0 2 9 10 12 13 20)
(0 3 4 5 17 18 19)
(0 3 4 6 16 18 19)
(0 3 4 7 15 18 19)
(0 3 4 8 14 18 19)
(0 3 4 9 13 18 19)
(0 3 4 10 12 18 19)
(0 3 5 6 16 17 19)
(0 3 5 7 15 17 19)
(0 3 5 8 14 17 19)
(0 3 5 9 13 17 19)
(0 3 5 10 12 17 19)
(0 3 6 7 15 16 19)
(0 3 6 8 14 16 19)
(0 3 6 9 13 16 19)
(0 3 6 10 12 16 19)
(0 3 7 8 14 15 19)
(0 3 7 9 13 15 19)
(0 3 7 10 12 15 19)
(0 3 8 9 13 14 19)
(0 3 8 10 12 14 19)
(0 3 9 10 12 13 19)
(0 4 5 6 16 17 18)
(0 4 5 7 15 17 18)
(0 4 5 8 14 17 18)
(0 4 5 9 13 17 18)
(0 4 5 10 12 17 18)
(0 4 6 7 15 16 18)
(0 4 6 8 14 16 18)
(0 4 6 9 13 16 18)
(0 4 6 10 12 16 18)
(0 4 7 8 14 15 18)
(0 4 7 9 13 15 18)
(0 4 7 10 12 15 18)
(0 4 8 9 13 14 18)
(0 4 8 10 12 14 18)
(0 4 9 10 12 13 18)
(0 5 6 7 15 16 17)
(0 5 6 8 14 16 17)
(0 5 6 9 13 16 17)
(0 5 6 10 12 16 17)
(0 5 7 8 14 15 17)
(0 5 7 9 13 15 17)
(0 5 7 10 12 15 17)
(0 5 8 9 13 14 17)
(0 5 8 10 12 14 17)
(0 5 9 10 12 13 17)
(0 6 7 8 14 15 16)
(0 6 7 9 13 15 16)
(0 6 7 10 12 15 16)
(0 6 8 9 13 14 16)
(0 6 8 10 12 14 16)
(0 6 9 10 12 13 16)
(0 7 8 9 13 14 15)
(0 7 8 10 12 14 15)
(0 7 9 10 12 13 15)
(0 8 9 10 12 13 14)
(0 1 2 3 11 19 20 21)
(0 1 2 4 11 18 20 21)
(0 1 2 5 11 17 20 21)
(0 1 2 6 11 16 20 21)
(0 1 2 7 11 15 20 21)
(0 1 2 8 11 14 20 21)
(0 1 2 9 11 13 20 21)
(0 1 2 10 11 12 20 21)
(0 1 3 4 11 18 19 21)
(0 1 3 5 11 17 19 21)
(0 1 3 6 11 16 19 21)
(0 1 3 7 11 15 19 21)
(0 1 3 8 11 14 19 21)
(0 1 3 9 11 13 19 21)
(0 1 3 10 11 12 19 21)
(0 1 4 5 11 17 18 21)
(0 1 4 6 11 16 18 21)
(0 1 4 7 11 15 18 21)
(0 1 4 8 11 14 18 21)
(0 1 4 9 11 13 18 21)
(0 1 4 10 11 12 18 21)
(0 1 5 6 11 16 17 21)
(0 1 5 7 11 15 17 21)
(0 1 5 8 11 14 17 21)
(0 1 5 9 11 13 17 21)
(0 1 5 10 11 12 17 21)
(0 1 6 7 11 15 16 21)
(0 1 6 8 11 14 16 21)
(0 1 6 9 11 13 16 21)
(0 1 6 10 11 12 16 21)
(0 1 7 8 11 14 15 21)
(0 1 7 9 11 13 15 21)
(0 1 7 10 11 12 15 21)
(0 1 8 9 11 13 14 21)
(0 1 8 10 11 12 14 21)
(0 1 9 10 11 12 13 21)
(0 2 3 4 11 18 19 20)
(0 2 3 5 11 17 19 20)
(0 2 3 6 11 16 19 20)
(0 2 3 7 11 15 19 20)
(0 2 3 8 11 14 19 20)
(0 2 3 9 11 13 19 20)
(0 2 3 10 11 12 19 20)
(0 2 4 5 11 17 18 20)
(0 2 4 6 11 16 18 20)
(0 2 4 7 11 15 18 20)
(0 2 4 8 11 14 18 20)
(0 2 4 9 11 13 18 20)
(0 2 4 10 11 12 18 20)
(0 2 5 6 11 16 17 20)
(0 2 5 7 11 15 17 20)
(0 2 5 8 11 14 17 20)
(0 2 5 9 11 13 17 20)
(0 2 5 10 11 12 17 20)
(0 2 6 7 11 15 16 20)
(0 2 6 8 11 14 16 20)
(0 2 6 9 11 13 16 20)
(0 2 6 10 11 12 16 20)
(0 2 7 8 11 14 15 20)
(0 2 7 9 11 13 15 20)
(0 2 7 10 11 12 15 20)
(0 2 8 9 11 13 14 20)
(0 2 8 10 11 12 14 20)
(0 2 9 10 11 12 13 20)
(0 3 4 5 11 17 18 19)
(0 3 4 6 11 16 18 19)
(0 3 4 7 11 15 18 19)
(0 3 4 8 11 14 18 19)
(0 3 4 9 11 13 18 19)
(0 3 4 10 11 12 18 19)
(0 3 5 6 11 16 17 19)
(0 3 5 7 11 15 17 19)
(0 3 5 8 11 14 17 19)
(0 3 5 9 11 13 17 19)
(0 3 5 10 11 12 17 19)
(0 3 6 7 11 15 16 19)
(0 3 6 8 11 14 16 19)
(0 3 6 9 11 13 16 19)
(0 3 6 10 11 12 16 19)
(0 3 7 8 11 14 15 19)
(0 3 7 9 11 13 15 19)
(0 3 7 10 11 12 15 19)
(0 3 8 9 11 13 14 19)
(0 3 8 10 11 12 14 19)
(0 3 9 10 11 12 13 19)
(0 4 5 6 11 16 17 18)
(0 4 5 7 11 15 17 18)
(0 4 5 8 11 14 17 18)
(0 4 5 9 11 13 17 18)
(0 4 5 10 11 12 17 18)
(0 4 6 7 11 15 16 18)
(0 4 6 8 11 14 16 18)
(0 4 6 9 11 13 16 18)
(0 4 6 10 11 12 16 18)
(0 4 7 8 11 14 15 18)
(0 4 7 9 11 13 15 18)
(0 4 7 10 11 12 15 18)
(0 4 8 9 11 13 14 18)
(0 4 8 10 11 12 14 18)
(0 4 9 10 11 12 13 18)
(0 5 6 7 11 15 16 17)
(0 5 6 8 11 14 16 17)
(0 5 6 9 11 13 16 17)
(0 5 6 10 11 12 16 17)
(0 5 7 8 11 14 15 17)
(0 5 7 9 11 13 15 17)
(0 5 7 10 11 12 15 17)
(0 5 8 9 11 13 14 17)
(0 5 8 10 11 12 14 17)
(0 5 9 10 11 12 13 17)
(0 6 7 8 11 14 15 16)
(0 6 7 9 11 13 15 16)
(0 6 7 10 11 12 15 16)
(0 6 8 9 11 13 14 16)
(0 6 8 10 11 12 14 16)
(0 6 9 10 11 12 13 16)
(0 7 8 9 11 13 14 15)
(0 7 8 10 11 12 14 15)
(0 7 9 10 11 12 13 15)
(0 8 9 10 11 12 13 14)
(0 1 2 3 4 18 19 20 21)
(0 1 2 3 5 17 19 20 21)
(0 1 2 3 6 16 19 20 21)
(0 1 2 3 7 15 19 20 21)
(0 1 2 3 8 14 19 20 21)
(0 1 2 3 9 13 19 20 21)
(0 1 2 3 10 12 19 20 21)
(0 1 2 4 5 17 18 20 21)
(0 1 2 4 6 16 18 20 21)
(0 1 2 4 7 15 18 20 21)
(0 1 2 4 8 14 18 20 21)
(0 1 2 4 9 13 18 20 21)
(0 1 2 4 10 12 18 20 21)
(0 1 2 5 6 16 17 20 21)
(0 1 2 5 7 15 17 20 21)
(0 1 2 5 8 14 17 20 21)
(0 1 2 5 9 13 17 20 21)
(0 1 2 5 10 12 17 20 21)
(0 1 2 6 7 15 16 20 21)
(0 1 2 6 8 14 16 20 21)
(0 1 2 6 9 13 16 20 21)
(0 1 2 6 10 12 16 20 21)
(0 1 2 7 8 14 15 20 21)
(0 1 2 7 9 13 15 20 21)
(0 1 2 7 10 12 15 20 21)
(0 1 2 8 9 13 14 20 21)
(0 1 2 8 10 12 14 20 21)
(0 1 2 9 10 12 13 20 21)
(0 1 3 4 5 17 18 19 21)
(0 1 3 4 6 16 18 19 21)
(0 1 3 4 7 15 18 19 21)
(0 1 3 4 8 14 18 19 21)
(0 1 3 4 9 13 18 19 21)
(0 1 3 4 10 12 18 19 21)
(0 1 3 5 6 16 17 19 21)
(0 1 3 5 7 15 17 19 21)
(0 1 3 5 8 14 17 19 21)
(0 1 3 5 9 13 17 19 21)
(0 1 3 5 10 12 17 19 21)
(0 1 3 6 7 15 16 19 21)
(0 1 3 6 8 14 16 19 21)
(0 1 3 6 9 13 16 19 21)
(0 1 3 6 10 12 16 19 21)
(0 1 3 7 8 14 15 19 21)
(0 1 3 7 9 13 15 19 21)
(0 1 3 7 10 12 15 19 21)
(0 1 3 8 9 13 14 19 21)
(0 1 3 8 10 12 14 19 21)
(0 1 3 9 10 12 13 19 21)
(0 1 4 5 6 16 17 18 21)
(0 1 4 5 7 15 17 18 21)
(0 1 4 5 8 14 17 18 21)
(0 1 4 5 9 13 17 18 21)
(0 1 4 5 10 12 17 18 21)
(0 1 4 6 7 15 16 18 21)
(0 1 4 6 8 14 16 18 21)
(0 1 4 6 9 13 16 18 21)
(0 1 4 6 10 12 16 18 21)
(0 1 4 7 8 14 15 18 21)
(0 1 4 7 9 13 15 18 21)
(0 1 4 7 10 12 15 18 21)
(0 1 4 8 9 13 14 18 21)
(0 1 4 8 10 12 14 18 21)
(0 1 4 9 10 12 13 18 21)
(0 1 5 6 7 15 16 17 21)
(0 1 5 6 8 14 16 17 21)
(0 1 5 6 9 13 16 17 21)
(0 1 5 6 10 12 16 17 21)
(0 1 5 7 8 14 15 17 21)
(0 1 5 7 9 13 15 17 21)
(0 1 5 7 10 12 15 17 21)
(0 1 5 8 9 13 14 17 21)
(0 1 5 8 10 12 14 17 21)
(0 1 5 9 10 12 13 17 21)
(0 1 6 7 8 14 15 16 21)
(0 1 6 7 9 13 15 16 21)
(0 1 6 7 10 12 15 16 21)
(0 1 6 8 9 13 14 16 21)
(0 1 6 8 10 12 14 16 21)
(0 1 6 9 10 12 13 16 21)
(0 1 7 8 9 13 14 15 21)
(0 1 7 8 10 12 14 15 21)
(0 1 7 9 10 12 13 15 21)
(0 1 8 9 10 12 13 14 21)
(0 2 3 4 5 17 18 19 20)
(0 2 3 4 6 16 18 19 20)
(0 2 3 4 7 15 18 19 20)
(0 2 3 4 8 14 18 19 20)
(0 2 3 4 9 13 18 19 20)
(0 2 3 4 10 12 18 19 20)
(0 2 3 5 6 16 17 19 20)
(0 2 3 5 7 15 17 19 20)
(0 2 3 5 8 14 17 19 20)
(0 2 3 5 9 13 17 19 20)
(0 2 3 5 10 12 17 19 20)
(0 2 3 6 7 15 16 19 20)
(0 2 3 6 8 14 16 19 20)
(0 2 3 6 9 13 16 19 20)
(0 2 3 6 10 12 16 19 20)
(0 2 3 7 8 14 15 19 20)
(0 2 3 7 9 13 15 19 20)
(0 2 3 7 10 12 15 19 20)
(0 2 3 8 9 13 14 19 20)
(0 2 3 8 10 12 14 19 20)
(0 2 3 9 10 12 13 19 20)
(0 2 4 5 6 16 17 18 20)
(0 2 4 5 7 15 17 18 20)
(0 2 4 5 8 14 17 18 20)
(0 2 4 5 9 13 17 18 20)
(0 2 4 5 10 12 17 18 20)
(0 2 4 6 7 15 16 18 20)
(0 2 4 6 8 14 16 18 20)
(0 2 4 6 9 13 16 18 20)
(0 2 4 6 10 12 16 18 20)
(0 2 4 7 8 14 15 18 20)
(0 2 4 7 9 13 15 18 20)
(0 2 4 7 10 12 15 18 20)
(0 2 4 8 9 13 14 18 20)
(0 2 4 8 10 12 14 18 20)
(0 2 4 9 10 12 13 18 20)
(0 2 5 6 7 15 16 17 20)
(0 2 5 6 8 14 16 17 20)
(0 2 5 6 9 13 16 17 20)
(0 2 5 6 10 12 16 17 20)
(0 2 5 7 8 14 15 17 20)
(0 2 5 7 9 13 15 17 20)
(0 2 5 7 10 12 15 17 20)
(0 2 5 8 9 13 14 17 20)
(0 2 5 8 10 12 14 17 20)
(0 2 5 9 10 12 13 17 20)
(0 2 6 7 8 14 15 16 20)
(0 2 6 7 9 13 15 16 20)
(0 2 6 7 10 12 15 16 20)
(0 2 6 8 9 13 14 16 20)
(0 2 6 8 10 12 14 16 20)
(0 2 6 9 10 12 13 16 20)
(0 2 7 8 9 13 14 15 20)
(0 2 7 8 10 12 14 15 20)
(0 2 7 9 10 12 13 15 20)
(0 2 8 9 10 12 13 14 20)
(0 3 4 5 6 16 17 18 19)
(0 3 4 5 7 15 17 18 19)
(0 3 4 5 8 14 17 18 19)
(0 3 4 5 9 13 17 18 19)
(0 3 4 5 10 12 17 18 19)
(0 3 4 6 7 15 16 18 19)
(0 3 4 6 8 14 16 18 19)
(0 3 4 6 9 13 16 18 19)
(0 3 4 6 10 12 16 18 19)
(0 3 4 7 8 14 15 18 19)
(0 3 4 7 9 13 15 18 19)
(0 3 4 7 10 12 15 18 19)
(0 3 4 8 9 13 14 18 19)
(0 3 4 8 10 12 14 18 19)
(0 3 4 9 10 12 13 18 19)
(0 3 5 6 7 15 16 17 19)
(0 3 5 6 8 14 16 17 19)
(0 3 5 6 9 13 16 17 19)
(0 3 5 6 10 12 16 17 19)
(0 3 5 7 8 14 15 17 19)
(0 3 5 7 9 13 15 17 19)
(0 3 5 7 10 12 15 17 19)
(0 3 5 8 9 13 14 17 19)
(0 3 5 8 10 12 14 17 19)
(0 3 5 9 10 12 13 17 19)
(0 3 6 7 8 14 15 16 19)
(0 3 6 7 9 13 15 16 19)
(0 3 6 7 10 12 15 16 19)
(0 3 6 8 9 13 14 16 19)
(0 3 6 8 10 12 14 16 19)
(0 3 6 9 10 12 13 16 19)
(0 3 7 8 9 13 14 15 19)
(0 3 7 8 10 12 14 15 19)
(0 3 7 9 10 12 13 15 19)
(0 3 8 9 10 12 13 14 19)
(0 4 5 6 7 15 16 17 18)
(0 4 5 6 8 14 16 17 18)
(0 4 5 6 9 13 16 17 18)
(0 4 5 6 10 12 16 17 18)
(0 4 5 7 8 14 15 17 18)
(0 4 5 7 9 13 15 17 18)
(0 4 5 7 10 12 15 17 18)
(0 4 5 8 9 13 14 17 18)
(0 4 5 8 10 12 14 17 18)
(0 4 5 9 10 12 13 17 18)
(0 4 6 7 8 14 15 16 18)
(0 4 6 7 9 13 15 16 18)
(0 4 6 7 10 12 15 16 18)
(0 4 6 8 9 13 14 16 18)
(0 4 6 8 10 12 14 16 18)
(0 4 6 9 10 12 13 16 18)
(0 4 7 8 9 13 14 15 18)
(0 4 7 8 10 12 14 15 18)
(0 4 7 9 10 12 13 15 18)
(0 4 8 9 10 12 13 14 18)
(0 5 6 7 8 14 15 16 17)
(0 5 6 7 9 13 15 16 17)
(0 5 6 7 10 12 15 16 17)
(0 5 6 8 9 13 14 16 17)
(0 5 6 8 10 12 14 16 17)
(0 5 6 9 10 12 13 16 17)
(0 5 7 8 9 13 14 15 17)
(0 5 7 8 10 12 14 15 17)
(0 5 7 9 10 12 13 15 17)
(0 5 8 9 10 12 13 14 17)
(0 6 7 8 9 13 14 15 16)
(0 6 7 8 10 12 14 15 16)
(0 6 7 9 10 12 13 15 16)
(0 6 8 9 10 12 13 14 16)
(0 7 8 9 10 12 13 14 15)
(0 1 2 3 4 11 18 19 20 21)
(0 1 2 3 5 11 17 19 20 21)
(0 1 2 3 6 11 16 19 20 21)
(0 1 2 3 7 11 15 19 20 21)
(0 1 2 3 8 11 14 19 20 21)
(0 1 2 3 9 11 13 19 20 21)
(0 1 2 3 10 11 12 19 20 21)
(0 1 2 4 5 11 17 18 20 21)
(0 1 2 4 6 11 16 18 20 21)
(0 1 2 4 7 11 15 18 20 21)
(0 1 2 4 8 11 14 18 20 21)
(0 1 2 4 9 11 13 18 20 21)
(0 1 2 4 10 11 12 18 20 21)
(0 1 2 5 6 11 16 17 20 21)
(0 1 2 5 7 11 15 17 20 21)
(0 1 2 5 8 11 14 17 20 21)
(0 1 2 5 9 11 13 17 20 21)
(0 1 2 5 10 11 12 17 20 21)
(0 1 2 6 7 11 15 16 20 21)
(0 1 2 6 8 11 14 16 20 21)
(0 1 2 6 9 11 13 16 20 21)
(0 1 2 6 10 11 12 16 20 21)
(0 1 2 7 8 11 14 15 20 21)
(0 1 2 7 9 11 13 15 20 21)
(0 1 2 7 10 11 12 15 20 21)
(0 1 2 8 9 11 13 14 20 21)
(0 1 2 8 10 11 12 14 20 21)
(0 1 2 9 10 11 12 13 20 21)
(0 1 3 4 5 11 17 18 19 21)
(0 1 3 4 6 11 16 18 19 21)
(0 1 3 4 7 11 15 18 19 21)
(0 1 3 4 8 11 14 18 19 21)
(0 1 3 4 9 11 13 18 19 21)
(0 1 3 4 10 11 12 18 19 21)
(0 1 3 5 6 11 16 17 19 21)
(0 1 3 5 7 11 15 17 19 21)
(0 1 3 5 8 11 14 17 19 21)
(0 1 3 5 9 11 13 17 19 21)
(0 1 3 5 10 11 12 17 19 21)
(0 1 3 6 7 11 15 16 19 21)
(0 1 3 6 8 11 14 16 19 21)
(0 1 3 6 9 11 13 16 19 21)
(0 1 3 6 10 11 12 16 19 21)
(0 1 3 7 8 11 14 15 19 21)
(0 1 3 7 9 11 13 15 19 21)
(0 1 3 7 10 11 12 15 19 21)
(0 1 3 8 9 11 13 14 19 21)
(0 1 3 8 10 11 12 14 19 21)
(0 1 3 9 10 11 12 13 19 21)
(0 1 4 5 6 11 16 17 18 21)
(0 1 4 5 7 11 15 17 18 21)
(0 1 4 5 8 11 14 17 18 21)
(0 1 4 5 9 11 13 17 18 21)
(0 1 4 5 10 11 12 17 18 21)
(0 1 4 6 7 11 15 16 18 21)
(0 1 4 6 8 11 14 16 18 21)
(0 1 4 6 9 11 13 16 18 21)
(0 1 4 6 10 11 12 16 18 21)
(0 1 4 7 8 11 14 15 18 21)
(0 1 4 7 9 11 13 15 18 21)
(0 1 4 7 10 11 12 15 18 21)
(0 1 4 8 9 11 13 14 18 21)
(0 1 4 8 10 11 12 14 18 21)
(0 1 4 9 10 11 12 13 18 21)
(0 1 5 6 7 11 15 16 17 21)
(0 1 5 6 8 11 14 16 17 21)
(0 1 5 6 9 11 13 16 17 21)
(0 1 5 6 10 11 12 16 17 21)
(0 1 5 7 8 11 14 15 17 21)
(0 1 5 7 9 11 13 15 17 21)
(0 1 5 7 10 11 12 15 17 21)
(0 1 5 8 9 11 13 14 17 21)
(0 1 5 8 10 11 12 14 17 21)
(0 1 5 9 10 11 12 13 17 21)
(0 1 6 7 8 11 14 15 16 21)
(0 1 6 7 9 11 13 15 16 21)
(0 1 6 7 10 11 12 15 16 21)
(0 1 6 8 9 11 13 14 16 21)
(0 1 6 8 10 11 12 14 16 21)
(0 1 6 9 10 11 12 13 16 21)
(0 1 7 8 9 11 13 14 15 21)
(0 1 7 8 10 11 12 14 15 21)
(0 1 7 9 10 11 12 13 15 21)
(0 1 8 9 10 11 12 13 14 21)
(0 2 3 4 5 11 17 18 19 20)
(0 2 3 4 6 11 16 18 19 20)
(0 2 3 4 7 11 15 18 19 20)
(0 2 3 4 8 11 14 18 19 20)
(0 2 3 4 9 11 13 18 19 20)
(0 2 3 4 10 11 12 18 19 20)
(0 2 3 5 6 11 16 17 19 20)
(0 2 3 5 7 11 15 17 19 20)
(0 2 3 5 8 11 14 17 19 20)
(0 2 3 5 9 11 13 17 19 20)
(0 2 3 5 10 11 12 17 19 20)
(0 2 3 6 7 11 15 16 19 20)
(0 2 3 6 8 11 14 16 19 20)
(0 2 3 6 9 11 13 16 19 20)
(0 2 3 6 10 11 12 16 19 20)
(0 2 3 7 8 11 14 15 19 20)
(0 2 3 7 9 11 13 15 19 20)
(0 2 3 7 10 11 12 15 19 20)
(0 2 3 8 9 11 13 14 19 20)
(0 2 3 8 10 11 12 14 19 20)
(0 2 3 9 10 11 12 13 19 20)
(0 2 4 5 6 11 16 17 18 20)
(0 2 4 5 7 11 15 17 18 20)
(0 2 4 5 8 11 14 17 18 20)
(0 2 4 5 9 11 13 17 18 20)
(0 2 4 5 10 11 12 17 18 20)
(0 2 4 6 7 11 15 16 18 20)
(0 2 4 6 8 11 14 16 18 20)
(0 2 4 6 9 11 13 16 18 20)
(0 2 4 6 10 11 12 16 18 20)
(0 2 4 7 8 11 14 15 18 20)
(0 2 4 7 9 11 13 15 18 20)
(0 2 4 7 10 11 12 15 18 20)
(0 2 4 8 9 11 13 14 18 20)
(0 2 4 8 10 11 12 14 18 20)
(0 2 4 9 10 11 12 13 18 20)
(0 2 5 6 7 11 15 16 17 20)
(0 2 5 6 8 11 14 16 17 20)
(0 2 5 6 9 11 13 16 17 20)
(0 2 5 6 10 11 12 16 17 20)
(0 2 5 7 8 11 14 15 17 20)
(0 2 5 7 9 11 13 15 17 20)
(0 2 5 7 10 11 12 15 17 20)
(0 2 5 8 9 11 13 14 17 20)
(0 2 5 8 10 11 12 14 17 20)
(0 2 5 9 10 11 12 13 17 20)
(0 2 6 7 8 11 14 15 16 20)
(0 2 6 7 9 11 13 15 16 20)
(0 2 6 7 10 11 12 15 16 20)
(0 2 6 8 9 11 13 14 16 20)
(0 2 6 8 10 11 12 14 16 20)
(0 2 6 9 10 11 12 13 16 20)
(0 2 7 8 9 11 13 14 15 20)
(0 2 7 8 10 11 12 14 15 20)
(0 2 7 9 10 11 12 13 15 20)
(0 2 8 9 10 11 12 13 14 20)
(0 3 4 5 6 11 16 17 18 19)
(0 3 4 5 7 11 15 17 18 19)
(0 3 4 5 8 11 14 17 18 19)
(0 3 4 5 9 11 13 17 18 19)
(0 3 4 5 10 11 12 17 18 19)
(0 3 4 6 7 11 15 16 18 19)
(0 3 4 6 8 11 14 16 18 19)
(0 3 4 6 9 11 13 16 18 19)
(0 3 4 6 10 11 12 16 18 19)
(0 3 4 7 8 11 14 15 18 19)
(0 3 4 7 9 11 13 15 18 19)
(0 3 4 7 10 11 12 15 18 19)
(0 3 4 8 9 11 13 14 18 19)
(0 3 4 8 10 11 12 14 18 19)
(0 3 4 9 10 11 12 13 18 19)
(0 3 5 6 7 11 15 16 17 19)
(0 3 5 6 8 11 14 16 17 19)
(0 3 5 6 9 11 13 16 17 19)
(0 3 5 6 10 11 12 16 17 19)
(0 3 5 7 8 11 14 15 17 19)
(0 3 5 7 9 11 13 15 17 19)
(0 3 5 7 10 11 12 15 17 19)
(0 3 5 8 9 11 13 14 17 19)
(0 3 5 8 10 11 12 14 17 19)
(0 3 5 9 10 11 12 13 17 19)
(0 3 6 7 8 11 14 15 16 19)
(0 3 6 7 9 11 13 15 16 19)
(0 3 6 7 10 11 12 15 16 19)
(0 3 6 8 9 11 13 14 16 19)
(0 3 6 8 10 11 12 14 16 19)
(0 3 6 9 10 11 12 13 16 19)
(0 3 7 8 9 11 13 14 15 19)
(0 3 7 8 10 11 12 14 15 19)
(0 3 7 9 10 11 12 13 15 19)
(0 3 8 9 10 11 12 13 14 19)
(0 4 5 6 7 11 15 16 17 18)
(0 4 5 6 8 11 14 16 17 18)
(0 4 5 6 9 11 13 16 17 18)
(0 4 5 6 10 11 12 16 17 18)
(0 4 5 7 8 11 14 15 17 18)
(0 4 5 7 9 11 13 15 17 18)
(0 4 5 7 10 11 12 15 17 18)
(0 4 5 8 9 11 13 14 17 18)
(0 4 5 8 10 11 12 14 17 18)
(0 4 5 9 10 11 12 13 17 18)
(0 4 6 7 8 11 14 15 16 18)
(0 4 6 7 9 11 13 15 16 18)
(0 4 6 7 10 11 12 15 16 18)
(0 4 6 8 9 11 13 14 16 18)
(0 4 6 8 10 11 12 14 16 18)
(0 4 6 9 10 11 12 13 16 18)
(0 4 7 8 9 11 13 14 15 18)
(0 4 7 8 10 11 12 14 15 18)
(0 4 7 9 10 11 12 13 15 18)
(0 4 8 9 10 11 12 13 14 18)
(0 5 6 7 8 11 14 15 16 17)
(0 5 6 7 9 11 13 15 16 17)
(0 5 6 7 10 11 12 15 16 17)
(0 5 6 8 9 11 13 14 16 17)
(0 5 6 8 10 11 12 14 16 17)
(0 5 6 9 10 11 12 13 16 17)
(0 5 7 8 9 11 13 14 15 17)
(0 5 7 8 10 11 12 14 15 17)
(0 5 7 9 10 11 12 13 15 17)
(0 5 8 9 10 11 12 13 14 17)
(0 6 7 8 9 11 13 14 15 16)
(0 6 7 8 10 11 12 14 15 16)
(0 6 7 9 10 11 12 13 15 16)
(0 6 8 9 10 11 12 13 14 16)
(0 7 8 9 10 11 12 13 14 15)
(0 1 2 3 4 5 17 18 19 20 21)
(0 1 2 3 4 6 16 18 19 20 21)
(0 1 2 3 4 7 15 18 19 20 21)
(0 1 2 3 4 8 14 18 19 20 21)
(0 1 2 3 4 9 13 18 19 20 21)
(0 1 2 3 4 10 12 18 19 20 21)
(0 1 2 3 5 6 16 17 19 20 21)
(0 1 2 3 5 7 15 17 19 20 21)
(0 1 2 3 5 8 14 17 19 20 21)
(0 1 2 3 5 9 13 17 19 20 21)
(0 1 2 3 5 10 12 17 19 20 21)
(0 1 2 3 6 7 15 16 19 20 21)
(0 1 2 3 6 8 14 16 19 20 21)
(0 1 2 3 6 9 13 16 19 20 21)
(0 1 2 3 6 10 12 16 19 20 21)
(0 1 2 3 7 8 14 15 19 20 21)
(0 1 2 3 7 9 13 15 19 20 21)
(0 1 2 3 7 10 12 15 19 20 21)
(0 1 2 3 8 9 13 14 19 20 21)
(0 1 2 3 8 10 12 14 19 20 21)
(0 1 2 3 9 10 12 13 19 20 21)
(0 1 2 4 5 6 16 17 18 20 21)
(0 1 2 4 5 7 15 17 18 20 21)
(0 1 2 4 5 8 14 17 18 20 21)
(0 1 2 4 5 9 13 17 18 20 21)
(0 1 2 4 5 10 12 17 18 20 21)
(0 1 2 4 6 7 15 16 18 20 21)
(0 1 2 4 6 8 14 16 18 20 21)
(0 1 2 4 6 9 13 16 18 20 21)
(0 1 2 4 6 10 12 16 18 20 21)
(0 1 2 4 7 8 14 15 18 20 21)
(0 1 2 4 7 9 13 15 18 20 21)
(0 1 2 4 7 10 12 15 18 20 21)
(0 1 2 4 8 9 13 14 18 20 21)
(0 1 2 4 8 10 12 14 18 20 21)
(0 1 2 4 9 10 12 13 18 20 21)
(0 1 2 5 6 7 15 16 17 20 21)
(0 1 2 5 6 8 14 16 17 20 21)
(0 1 2 5 6 9 13 16 17 20 21)
(0 1 2 5 6 10 12 16 17 20 21)
(0 1 2 5 7 8 14 15 17 20 21)
(0 1 2 5 7 9 13 15 17 20 21)
(0 1 2 5 7 10 12 15 17 20 21)
(0 1 2 5 8 9 13 14 17 20 21)
(0 1 2 5 8 10 12 14 17 20 21)
(0 1 2 5 9 10 12 13 17 20 21)
(0 1 2 6 7 8 14 15 16 20 21)
(0 1 2 6 7 9 13 15 16 20 21)
(0 1 2 6 7 10 12 15 16 20 21)
(0 1 2 6 8 9 13 14 16 20 21)
(0 1 2 6 8 10 12 14 16 20 21)
(0 1 2 6 9 10 12 13 16 20 21)
(0 1 2 7 8 9 13 14 15 20 21)
(0 1 2 7 8 10 12 14 15 20 21)
(0 1 2 7 9 10 12 13 15 20 21)
(0 1 2 8 9 10 12 13 14 20 21)
(0 1 3 4 5 6 16 17 18 19 21)
(0 1 3 4 5 7 15 17 18 19 21)
(0 1 3 4 5 8 14 17 18 19 21)
(0 1 3 4 5 9 13 17 18 19 21)
(0 1 3 4 5 10 12 17 18 19 21)
(0 1 3 4 6 7 15 16 18 19 21)
(0 1 3 4 6 8 14 16 18 19 21)
(0 1 3 4 6 9 13 16 18 19 21)
(0 1 3 4 6 10 12 16 18 19 21)
(0 1 3 4 7 8 14 15 18 19 21)
(0 1 3 4 7 9 13 15 18 19 21)
(0 1 3 4 7 10 12 15 18 19 21)
(0 1 3 4 8 9 13 14 18 19 21)
(0 1 3 4 8 10 12 14 18 19 21)
(0 1 3 4 9 10 12 13 18 19 21)
(0 1 3 5 6 7 15 16 17 19 21)
(0 1 3 5 6 8 14 16 17 19 21)
(0 1 3 5 6 9 13 16 17 19 21)
(0 1 3 5 6 10 12 16 17 19 21)
(0 1 3 5 7 8 14 15 17 19 21)
(0 1 3 5 7 9 13 15 17 19 21)
(0 1 3 5 7 10 12 15 17 19 21)
(0 1 3 5 8 9 13 14 17 19 21)
(0 1 3 5 8 10 12 14 17 19 21)
(0 1 3 5 9 10 12 13 17 19 21)
(0 1 3 6 7 8 14 15 16 19 21)
(0 1 3 6 7 9 13 15 16 19 21)
(0 1 3 6 7 10 12 15 16 19 21)
(0 1 3 6 8 9 13 14 16 19 21)
(0 1 3 6 8 10 12 14 16 19 21)
(0 1 3 6 9 10 12 13 16 19 21)
(0 1 3 7 8 9 13 14 15 19 21)
(0 1 3 7 8 10 12 14 15 19 21)
(0 1 3 7 9 10 12 13 15 19 21)
(0 1 3 8 9 10 12 13 14 19 21)
(0 1 4 5 6 7 15 16 17 18 21)
(0 1 4 5 6 8 14 16 17 18 21)
(0 1 4 5 6 9 13 16 17 18 21)
(0 1 4 5 6 10 12 16 17 18 21)
(0 1 4 5 7 8 14 15 17 18 21)
(0 1 4 5 7 9 13 15 17 18 21)
(0 1 4 5 7 10 12 15 17 18 21)
(0 1 4 5 8 9 13 14 17 18 21)
(0 1 4 5 8 10 12 14 17 18 21)
(0 1 4 5 9 10 12 13 17 18 21)
(0 1 4 6 7 8 14 15 16 18 21)
(0 1 4 6 7 9 13 15 16 18 21)
(0 1 4 6 7 10 12 15 16 18 21)
(0 1 4 6 8 9 13 14 16 18 21)
(0 1 4 6 8 10 12 14 16 18 21)
(0 1 4 6 9 10 12 13 16 18 21)
(0 1 4 7 8 9 13 14 15 18 21)
(0 1 4 7 8 10 12 14 15 18 21)
(0 1 4 7 9 10 12 13 15 18 21)
(0 1 4 8 9 10 12 13 14 18 21)
(0 1 5 6 7 8 14 15 16 17 21)
(0 1 5 6 7 9 13 15 16 17 21)
(0 1 5 6 7 10 12 15 16 17 21)
(0 1 5 6 8 9 13 14 16 17 21)
(0 1 5 6 8 10 12 14 16 17 21)
(0 1 5 6 9 10 12 13 16 17 21)
(0 1 5 7 8 9 13 14 15 17 21)
(0 1 5 7 8 10 12 14 15 17 21)
(0 1 5 7 9 10 12 13 15 17 21)
(0 1 5 8 9 10 12 13 14 17 21)
(0 1 6 7 8 9 13 14 15 16 21)
(0 1 6 7 8 10 12 14 15 16 21)
(0 1 6 7 9 10 12 13 15 16 21)
(0 1 6 8 9 10 12 13 14 16 21)
(0 1 7 8 9 10 12 13 14 15 21)
(0 2 3 4 5 6 16 17 18 19 20)
(0 2 3 4 5 7 15 17 18 19 20)
(0 2 3 4 5 8 14 17 18 19 20)
(0 2 3 4 5 9 13 17 18 19 20)
(0 2 3 4 5 10 12 17 18 19 20)
(0 2 3 4 6 7 15 16 18 19 20)
(0 2 3 4 6 8 14 16 18 19 20)
(0 2 3 4 6 9 13 16 18 19 20)
(0 2 3 4 6 10 12 16 18 19 20)
(0 2 3 4 7 8 14 15 18 19 20)
(0 2 3 4 7 9 13 15 18 19 20)
(0 2 3 4 7 10 12 15 18 19 20)
(0 2 3 4 8 9 13 14 18 19 20)
(0 2 3 4 8 10 12 14 18 19 20)
(0 2 3 4 9 10 12 13 18 19 20)
(0 2 3 5 6 7 15 16 17 19 20)
(0 2 3 5 6 8 14 16 17 19 20)
(0 2 3 5 6 9 13 16 17 19 20)
(0 2 3 5 6 10 12 16 17 19 20)
(0 2 3 5 7 8 14 15 17 19 20)
(0 2 3 5 7 9 13 15 17 19 20)
(0 2 3 5 7 10 12 15 17 19 20)
(0 2 3 5 8 9 13 14 17 19 20)
(0 2 3 5 8 10 12 14 17 19 20)
(0 2 3 5 9 10 12 13 17 19 20)
(0 2 3 6 7 8 14 15 16 19 20)
(0 2 3 6 7 9 13 15 16 19 20)
(0 2 3 6 7 10 12 15 16 19 20)
(0 2 3 6 8 9 13 14 16 19 20)
(0 2 3 6 8 10 12 14 16 19 20)
(0 2 3 6 9 10 12 13 16 19 20)
(0 2 3 7 8 9 13 14 15 19 20)
(0 2 3 7 8 10 12 14 15 19 20)
(0 2 3 7 9 10 12 13 15 19 20)
(0 2 3 8 9 10 12 13 14 19 20)
(0 2 4 5 6 7 15 16 17 18 20)
(0 2 4 5 6 8 14 16 17 18 20)
(0 2 4 5 6 9 13 16 17 18 20)
(0 2 4 5 6 10 12 16 17 18 20)
(0 2 4 5 7 8 14 15 17 18 20)
(0 2 4 5 7 9 13 15 17 18 20)
(0 2 4 5 7 10 12 15 17 18 20)
(0 2 4 5 8 9 13 14 17 18 20)
(0 2 4 5 8 10 12 14 17 18 20)
(0 2 4 5 9 10 12 13 17 18 20)
(0 2 4 6 7 8 14 15 16 18 20)
(0 2 4 6 7 9 13 15 16 18 20)
(0 2 4 6 7 10 12 15 16 18 20)
(0 2 4 6 8 9 13 14 16 18 20)
(0 2 4 6 8 10 12 14 16 18 20)
(0 2 4 6 9 10 12 13 16 18 20)
(0 2 4 7 8 9 13 14 15 18 20)
(0 2 4 7 8 10 12 14 15 18 20)
(0 2 4 7 9 10 12 13 15 18 20)
(0 2 4 8 9 10 12 13 14 18 20)
(0 2 5 6 7 8 14 15 16 17 20)
(0 2 5 6 7 9 13 15 16 17 20)
(0 2 5 6 7 10 12 15 16 17 20)
(0 2 5 6 8 9 13 14 16 17 20)
(0 2 5 6 8 10 12 14 16 17 20)
(0 2 5 6 9 10 12 13 16 17 20)
(0 2 5 7 8 9 13 14 15 17 20)
(0 2 5 7 8 10 12 14 15 17 20)
(0 2 5 7 9 10 12 13 15 17 20)
(0 2 5 8 9 10 12 13 14 17 20)
(0 2 6 7 8 9 13 14 15 16 20)
(0 2 6 7 8 10 12 14 15 16 20)
(0 2 6 7 9 10 12 13 15 16 20)
(0 2 6 8 9 10 12 13 14 16 20)
(0 2 7 8 9 10 12 13 14 15 20)
(0 3 4 5 6 7 15 16 17 18 19)
(0 3 4 5 6 8 14 16 17 18 19)
(0 3 4 5 6 9 13 16 17 18 19)
(0 3 4 5 6 10 12 16 17 18 19)
(0 3 4 5 7 8 14 15 17 18 19)
(0 3 4 5 7 9 13 15 17 18 19)
(0 3 4 5 7 10 12 15 17 18 19)
(0 3 4 5 8 9 13 14 17 18 19)
(0 3 4 5 8 10 12 14 17 18 19)
(0 3 4 5 9 10 12 13 17 18 19)
(0 3 4 6 7 8 14 15 16 18 19)
(0 3 4 6 7 9 13 15 16 18 19)
(0 3 4 6 7 10 12 15 16 18 19)
(0 3 4 6 8 9 13 14 16 18 19)
(0 3 4 6 8 10 12 14 16 18 19)
(0 3 4 6 9 10 12 13 16 18 19)
(0 3 4 7 8 9 13 14 15 18 19)
(0 3 4 7 8 10 12 14 15 18 19)
(0 3 4 7 9 10 12 13 15 18 19)
(0 3 4 8 9 10 12 13 14 18 19)
(0 3 5 6 7 8 14 15 16 17 19)
(0 3 5 6 7 9 13 15 16 17 19)
(0 3 5 6 7 10 12 15 16 17 19)
(0 3 5 6 8 9 13 14 16 17 19)
(0 3 5 6 8 10 12 14 16 17 19)
(0 3 5 6 9 10 12 13 16 17 19)
(0 3 5 7 8 9 13 14 15 17 19)
(0 3 5 7 8 10 12 14 15 17 19)
(0 3 5 7 9 10 12 13 15 17 19)
(0 3 5 8 9 10 12 13 14 17 19)
(0 3 6 7 8 9 13 14 15 16 19)
(0 3 6 7 8 10 12 14 15 16 19)
(0 3 6 7 9 10 12 13 15 16 19)
(0 3 6 8 9 10 12 13 14 16 19)
(0 3 7 8 9 10 12 13 14 15 19)
(0 4 5 6 7 8 14 15 16 17 18)
(0 4 5 6 7 9 13 15 16 17 18)
(0 4 5 6 7 10 12 15 16 17 18)
(0 4 5 6 8 9 13 14 16 17 18)
(0 4 5 6 8 10 12 14 16 17 18)
(0 4 5 6 9 10 12 13 16 17 18)
(0 4 5 7 8 9 13 14 15 17 18)
(0 4 5 7 8 10 12 14 15 17 18)
(0 4 5 7 9 10 12 13 15 17 18)
(0 4 5 8 9 10 12 13 14 17 18)
(0 4 6 7 8 9 13 14 15 16 18)
(0 4 6 7 8 10 12 14 15 16 18)
(0 4 6 7 9 10 12 13 15 16 18)
(0 4 6 8 9 10 12 13 14 16 18)
(0 4 7 8 9 10 12 13 14 15 18)
(0 5 6 7 8 9 13 14 15 16 17)
(0 5 6 7 8 10 12 14 15 16 17)
(0 5 6 7 9 10 12 13 15 16 17)
(0 5 6 8 9 10 12 13 14 16 17)
(0 5 7 8 9 10 12 13 14 15 17)
(0 6 7 8 9 10 12 13 14 15 16)
(0 1 2 3 4 5 11 17 18 19 20 21)
(0 1 2 3 4 6 11 16 18 19 20 21)
(0 1 2 3 4 7 11 15 18 19 20 21)
(0 1 2 3 4 8 11 14 18 19 20 21)
(0 1 2 3 4 9 11 13 18 19 20 21)
(0 1 2 3 4 10 11 12 18 19 20 21)
(0 1 2 3 5 6 11 16 17 19 20 21)
(0 1 2 3 5 7 11 15 17 19 20 21)
(0 1 2 3 5 8 11 14 17 19 20 21)
(0 1 2 3 5 9 11 13 17 19 20 21)
(0 1 2 3 5 10 11 12 17 19 20 21)
(0 1 2 3 6 7 11 15 16 19 20 21)
(0 1 2 3 6 8 11 14 16 19 20 21)
(0 1 2 3 6 9 11 13 16 19 20 21)
(0 1 2 3 6 10 11 12 16 19 20 21)
(0 1 2 3 7 8 11 14 15 19 20 21)
(0 1 2 3 7 9 11 13 15 19 20 21)
(0 1 2 3 7 10 11 12 15 19 20 21)
(0 1 2 3 8 9 11 13 14 19 20 21)
(0 1 2 3 8 10 11 12 14 19 20 21)
(0 1 2 3 9 10 11 12 13 19 20 21)
(0 1 2 4 5 6 11 16 17 18 20 21)
(0 1 2 4 5 7 11 15 17 18 20 21)
(0 1 2 4 5 8 11 14 17 18 20 21)
(0 1 2 4 5 9 11 13 17 18 20 21)
(0 1 2 4 5 10 11 12 17 18 20 21)
(0 1 2 4 6 7 11 15 16 18 20 21)
(0 1 2 4 6 8 11 14 16 18 20 21)
(0 1 2 4 6 9 11 13 16 18 20 21)
(0 1 2 4 6 10 11 12 16 18 20 21)
(0 1 2 4 7 8 11 14 15 18 20 21)
(0 1 2 4 7 9 11 13 15 18 20 21)
(0 1 2 4 7 10 11 12 15 18 20 21)
(0 1 2 4 8 9 11 13 14 18 20 21)
(0 1 2 4 8 10 11 12 14 18 20 21)
(0 1 2 4 9 10 11 12 13 18 20 21)
(0 1 2 5 6 7 11 15 16 17 20 21)
(0 1 2 5 6 8 11 14 16 17 20 21)
(0 1 2 5 6 9 11 13 16 17 20 21)
(0 1 2 5 6 10 11 12 16 17 20 21)
(0 1 2 5 7 8 11 14 15 17 20 21)
(0 1 2 5 7 9 11 13 15 17 20 21)
(0 1 2 5 7 10 11 12 15 17 20 21)
(0 1 2 5 8 9 11 13 14 17 20 21)
(0 1 2 5 8 10 11 12 14 17 20 21)
(0 1 2 5 9 10 11 12 13 17 20 21)
(0 1 2 6 7 8 11 14 15 16 20 21)
(0 1 2 6 7 9 11 13 15 16 20 21)
(0 1 2 6 7 10 11 12 15 16 20 21)
(0 1 2 6 8 9 11 13 14 16 20 21)
(0 1 2 6 8 10 11 12 14 16 20 21)
(0 1 2 6 9 10 11 12 13 16 20 21)
(0 1 2 7 8 9 11 13 14 15 20 21)
(0 1 2 7 8 10 11 12 14 15 20 21)
(0 1 2 7 9 10 11 12 13 15 20 21)
(0 1 2 8 9 10 11 12 13 14 20 21)
(0 1 3 4 5 6 11 16 17 18 19 21)
(0 1 3 4 5 7 11 15 17 18 19 21)
(0 1 3 4 5 8 11 14 17 18 19 21)
(0 1 3 4 5 9 11 13 17 18 19 21)
(0 1 3 4 5 10 11 12 17 18 19 21)
(0 1 3 4 6 7 11 15 16 18 19 21)
(0 1 3 4 6 8 11 14 16 18 19 21)
(0 1 3 4 6 9 11 13 16 18 19 21)
(0 1 3 4 6 10 11 12 16 18 19 21)
(0 1 3 4 7 8 11 14 15 18 19 21)
(0 1 3 4 7 9 11 13 15 18 19 21)
(0 1 3 4 7 10 11 12 15 18 19 21)
(0 1 3 4 8 9 11 13 14 18 19 21)
(0 1 3 4 8 10 11 12 14 18 19 21)
(0 1 3 4 9 10 11 12 13 18 19 21)
(0 1 3 5 6 7 11 15 16 17 19 21)
(0 1 3 5 6 8 11 14 16 17 19 21)
(0 1 3 5 6 9 11 13 16 17 19 21)
(0 1 3 5 6 10 11 12 16 17 19 21)
(0 1 3 5 7 8 11 14 15 17 19 21)
(0 1 3 5 7 9 11 13 15 17 19 21)
(0 1 3 5 7 10 11 12 15 17 19 21)
(0 1 3 5 8 9 11 13 14 17 19 21)
(0 1 3 5 8 10 11 12 14 17 19 21)
(0 1 3 5 9 10 11 12 13 17 19 21)
(0 1 3 6 7 8 11 14 15 16 19 21)
(0 1 3 6 7 9 11 13 15 16 19 21)
(0 1 3 6 7 10 11 12 15 16 19 21)
(0 1 3 6 8 9 11 13 14 16 19 21)
(0 1 3 6 8 10 11 12 14 16 19 21)
(0 1 3 6 9 10 11 12 13 16 19 21)
(0 1 3 7 8 9 11 13 14 15 19 21)
(0 1 3 7 8 10 11 12 14 15 19 21)
(0 1 3 7 9 10 11 12 13 15 19 21)
(0 1 3 8 9 10 11 12 13 14 19 21)
(0 1 4 5 6 7 11 15 16 17 18 21)
(0 1 4 5 6 8 11 14 16 17 18 21)
(0 1 4 5 6 9 11 13 16 17 18 21)
(0 1 4 5 6 10 11 12 16 17 18 21)
(0 1 4 5 7 8 11 14 15 17 18 21)
(0 1 4 5 7 9 11 13 15 17 18 21)
(0 1 4 5 7 10 11 12 15 17 18 21)
(0 1 4 5 8 9 11 13 14 17 18 21)
(0 1 4 5 8 10 11 12 14 17 18 21)
(0 1 4 5 9 10 11 12 13 17 18 21)
(0 1 4 6 7 8 11 14 15 16 18 21)
(0 1 4 6 7 9 11 13 15 16 18 21)
(0 1 4 6 7 10 11 12 15 16 18 21)
(0 1 4 6 8 9 11 13 14 16 18 21)
(0 1 4 6 8 10 11 12 14 16 18 21)
(0 1 4 6 9 10 11 12 13 16 18 21)
(0 1 4 7 8 9 11 13 14 15 18 21)
(0 1 4 7 8 10 11 12 14 15 18 21)
(0 1 4 7 9 10 11 12 13 15 18 21)
(0 1 4 8 9 10 11 12 13 14 18 21)
(0 1 5 6 7 8 11 14 15 16 17 21)
(0 1 5 6 7 9 11 13 15 16 17 21)
(0 1 5 6 7 10 11 12 15 16 17 21)
(0 1 5 6 8 9 11 13 14 16 17 21)
(0 1 5 6 8 10 11 12 14 16 17 21)
(0 1 5 6 9 10 11 12 13 16 17 21)
(0 1 5 7 8 9 11 13 14 15 17 21)
(0 1 5 7 8 10 11 12 14 15 17 21)
(0 1 5 7 9 10 11 12 13 15 17 21)
(0 1 5 8 9 10 11 12 13 14 17 21)
(0 1 6 7 8 9 11 13 14 15 16 21)
(0 1 6 7 8 10 11 12 14 15 16 21)
(0 1 6 7 9 10 11 12 13 15 16 21)
(0 1 6 8 9 10 11 12 13 14 16 21)
(0 1 7 8 9 10 11 12 13 14 15 21)
(0 2 3 4 5 6 11 16 17 18 19 20)
(0 2 3 4 5 7 11 15 17 18 19 20)
(0 2 3 4 5 8 11 14 17 18 19 20)
(0 2 3 4 5 9 11 13 17 18 19 20)
(0 2 3 4 5 10 11 12 17 18 19 20)
(0 2 3 4 6 7 11 15 16 18 19 20)
(0 2 3 4 6 8 11 14 16 18 19 20)
(0 2 3 4 6 9 11 13 16 18 19 20)
(0 2 3 4 6 10 11 12 16 18 19 20)
(0 2 3 4 7 8 11 14 15 18 19 20)
(0 2 3 4 7 9 11 13 15 18 19 20)
(0 2 3 4 7 10 11 12 15 18 19 20)
(0 2 3 4 8 9 11 13 14 18 19 20)
(0 2 3 4 8 10 11 12 14 18 19 20)
(0 2 3 4 9 10 11 12 13 18 19 20)
(0 2 3 5 6 7 11 15 16 17 19 20)
(0 2 3 5 6 8 11 14 16 17 19 20)
(0 2 3 5 6 9 11 13 16 17 19 20)
(0 2 3 5 6 10 11 12 16 17 19 20)
(0 2 3 5 7 8 11 14 15 17 19 20)
(0 2 3 5 7 9 11 13 15 17 19 20)
(0 2 3 5 7 10 11 12 15 17 19 20)
(0 2 3 5 8 9 11 13 14 17 19 20)
(0 2 3 5 8 10 11 12 14 17 19 20)
(0 2 3 5 9 10 11 12 13 17 19 20)
(0 2 3 6 7 8 11 14 15 16 19 20)
(0 2 3 6 7 9 11 13 15 16 19 20)
(0 2 3 6 7 10 11 12 15 16 19 20)
(0 2 3 6 8 9 11 13 14 16 19 20)
(0 2 3 6 8 10 11 12 14 16 19 20)
(0 2 3 6 9 10 11 12 13 16 19 20)
(0 2 3 7 8 9 11 13 14 15 19 20)
(0 2 3 7 8 10 11 12 14 15 19 20)
(0 2 3 7 9 10 11 12 13 15 19 20)
(0 2 3 8 9 10 11 12 13 14 19 20)
(0 2 4 5 6 7 11 15 16 17 18 20)
(0 2 4 5 6 8 11 14 16 17 18 20)
(0 2 4 5 6 9 11 13 16 17 18 20)
(0 2 4 5 6 10 11 12 16 17 18 20)
(0 2 4 5 7 8 11 14 15 17 18 20)
(0 2 4 5 7 9 11 13 15 17 18 20)
(0 2 4 5 7 10 11 12 15 17 18 20)
(0 2 4 5 8 9 11 13 14 17 18 20)
(0 2 4 5 8 10 11 12 14 17 18 20)
(0 2 4 5 9 10 11 12 13 17 18 20)
(0 2 4 6 7 8 11 14 15 16 18 20)
(0 2 4 6 7 9 11 13 15 16 18 20)
(0 2 4 6 7 10 11 12 15 16 18 20)
(0 2 4 6 8 9 11 13 14 16 18 20)
(0 2 4 6 8 10 11 12 14 16 18 20)
(0 2 4 6 9 10 11 12 13 16 18 20)
(0 2 4 7 8 9 11 13 14 15 18 20)
(0 2 4 7 8 10 11 12 14 15 18 20)
(0 2 4 7 9 10 11 12 13 15 18 20)
(0 2 4 8 9 10 11 12 13 14 18 20)
(0 2 5 6 7 8 11 14 15 16 17 20)
(0 2 5 6 7 9 11 13 15 16 17 20)
(0 2 5 6 7 10 11 12 15 16 17 20)
(0 2 5 6 8 9 11 13 14 16 17 20)
(0 2 5 6 8 10 11 12 14 16 17 20)
(0 2 5 6 9 10 11 12 13 16 17 20)
(0 2 5 7 8 9 11 13 14 15 17 20)
(0 2 5 7 8 10 11 12 14 15 17 20)
(0 2 5 7 9 10 11 12 13 15 17 20)
(0 2 5 8 9 10 11 12 13 14 17 20)
(0 2 6 7 8 9 11 13 14 15 16 20)
(0 2 6 7 8 10 11 12 14 15 16 20)
(0 2 6 7 9 10 11 12 13 15 16 20)
(0 2 6 8 9 10 11 12 13 14 16 20)
(0 2 7 8 9 10 11 12 13 14 15 20)
(0 3 4 5 6 7 11 15 16 17 18 19)
(0 3 4 5 6 8 11 14 16 17 18 19)
(0 3 4 5 6 9 11 13 16 17 18 19)
(0 3 4 5 6 10 11 12 16 17 18 19)
(0 3 4 5 7 8 11 14 15 17 18 19)
(0 3 4 5 7 9 11 13 15 17 18 19)
(0 3 4 5 7 10 11 12 15 17 18 19)
(0 3 4 5 8 9 11 13 14 17 18 19)
(0 3 4 5 8 10 11 12 14 17 18 19)
(0 3 4 5 9 10 11 12 13 17 18 19)
(0 3 4 6 7 8 11 14 15 16 18 19)
(0 3 4 6 7 9 11 13 15 16 18 19)
(0 3 4 6 7 10 11 12 15 16 18 19)
(0 3 4 6 8 9 11 13 14 16 18 19)
(0 3 4 6 8 10 11 12 14 16 18 19)
(0 3 4 6 9 10 11 12 13 16 18 19)
(0 3 4 7 8 9 11 13 14 15 18 19)
(0 3 4 7 8 10 11 12 14 15 18 19)
(0 3 4 7 9 10 11 12 13 15 18 19)
(0 3 4 8 9 10 11 12 13 14 18 19)
(0 3 5 6 7 8 11 14 15 16 17 19)
(0 3 5 6 7 9 11 13 15 16 17 19)
(0 3 5 6 7 10 11 12 15 16 17 19)
(0 3 5 6 8 9 11 13 14 16 17 19)
(0 3 5 6 8 10 11 12 14 16 17 19)
(0 3 5 6 9 10 11 12 13 16 17 19)
(0 3 5 7 8 9 11 13 14 15 17 19)
(0 3 5 7 8 10 11 12 14 15 17 19)
(0 3 5 7 9 10 11 12 13 15 17 19)
(0 3 5 8 9 10 11 12 13 14 17 19)
(0 3 6 7 8 9 11 13 14 15 16 19)
(0 3 6 7 8 10 11 12 14 15 16 19)
(0 3 6 7 9 10 11 12 13 15 16 19)
(0 3 6 8 9 10 11 12 13 14 16 19)
(0 3 7 8 9 10 11 12 13 14 15 19)
(0 4 5 6 7 8 11 14 15 16 17 18)
(0 4 5 6 7 9 11 13 15 16 17 18)
(0 4 5 6 7 10 11 12 15 16 17 18)
(0 4 5 6 8 9 11 13 14 16 17 18)
(0 4 5 6 8 10 11 12 14 16 17 18)
(0 4 5 6 9 10 11 12 13 16 17 18)
(0 4 5 7 8 9 11 13 14 15 17 18)
(0 4 5 7 8 10 11 12 14 15 17 18)
(0 4 5 7 9 10 11 12 13 15 17 18)
(0 4 5 8 9 10 11 12 13 14 17 18)
(0 4 6 7 8 9 11 13 14 15 16 18)
(0 4 6 7 8 10 11 12 14 15 16 18)
(0 4 6 7 9 10 11 12 13 15 16 18)
(0 4 6 8 9 10 11 12 13 14 16 18)
(0 4 7 8 9 10 11 12 13 14 15 18)
(0 5 6 7 8 9 11 13 14 15 16 17)
(0 5 6 7 8 10 11 12 14 15 16 17)
(0 5 6 7 9 10 11 12 13 15 16 17)
(0 5 6 8 9 10 11 12 13 14 16 17)
(0 5 7 8 9 10 11 12 13 14 15 17)
(0 6 7 8 9 10 11 12 13 14 15 16)
(0 1 2 3 4 5 6 16 17 18 19 20 21)
(0 1 2 3 4 5 7 15 17 18 19 20 21)
(0 1 2 3 4 5 8 14 17 18 19 20 21)
(0 1 2 3 4 5 9 13 17 18 19 20 21)
(0 1 2 3 4 5 10 12 17 18 19 20 21)
(0 1 2 3 4 6 7 15 16 18 19 20 21)
(0 1 2 3 4 6 8 14 16 18 19 20 21)
(0 1 2 3 4 6 9 13 16 18 19 20 21)
(0 1 2 3 4 6 10 12 16 18 19 20 21)
(0 1 2 3 4 7 8 14 15 18 19 20 21)
(0 1 2 3 4 7 9 13 15 18 19 20 21)
(0 1 2 3 4 7 10 12 15 18 19 20 21)
(0 1 2 3 4 8 9 13 14 18 19 20 21)
(0 1 2 3 4 8 10 12 14 18 19 20 21)
(0 1 2 3 4 9 10 12 13 18 19 20 21)
(0 1 2 3 5 6 7 15 16 17 19 20 21)
(0 1 2 3 5 6 8 14 16 17 19 20 21)
(0 1 2 3 5 6 9 13 16 17 19 20 21)
(0 1 2 3 5 6 10 12 16 17 19 20 21)
(0 1 2 3 5 7 8 14 15 17 19 20 21)
(0 1 2 3 5 7 9 13 15 17 19 20 21)
(0 1 2 3 5 7 10 12 15 17 19 20 21)
(0 1 2 3 5 8 9 13 14 17 19 20 21)
(0 1 2 3 5 8 10 12 14 17 19 20 21)
(0 1 2 3 5 9 10 12 13 17 19 20 21)
(0 1 2 3 6 7 8 14 15 16 19 20 21)
(0 1 2 3 6 7 9 13 15 16 19 20 21)
(0 1 2 3 6 7 10 12 15 16 19 20 21)
(0 1 2 3 6 8 9 13 14 16 19 20 21)
(0 1 2 3 6 8 10 12 14 16 19 20 21)
(0 1 2 3 6 9 10 12 13 16 19 20 21)
(0 1 2 3 7 8 9 13 14 15 19 20 21)
(0 1 2 3 7 8 10 12 14 15 19 20 21)
(0 1 2 3 7 9 10 12 13 15 19 20 21)
(0 1 2 3 8 9 10 12 13 14 19 20 21)
(0 1 2 4 5 6 7 15 16 17 18 20 21)
(0 1 2 4 5 6 8 14 16 17 18 20 21)
(0 1 2 4 5 6 9 13 16 17 18 20 21)
(0 1 2 4 5 6 10 12 16 17 18 20 21)
(0 1 2 4 5 7 8 14 15 17 18 20 21)
(0 1 2 4 5 7 9 13 15 17 18 20 21)
(0 1 2 4 5 7 10 12 15 17 18 20 21)
(0 1 2 4 5 8 9 13 14 17 18 20 21)
(0 1 2 4 5 8 10 12 14 17 18 20 21)
(0 1 2 4 5 9 10 12 13 17 18 20 21)
(0 1 2 4 6 7 8 14 15 16 18 20 21)
(0 1 2 4 6 7 9 13 15 16 18 20 21)
(0 1 2 4 6 7 10 12 15 16 18 20 21)
(0 1 2 4 6 8 9 13 14 16 18 20 21)
(0 1 2 4 6 8 10 12 14 16 18 20 21)
(0 1 2 4 6 9 10 12 13 16 18 20 21)
(0 1 2 4 7 8 9 13 14 15 18 20 21)
(0 1 2 4 7 8 10 12 14 15 18 20 21)
(0 1 2 4 7 9 10 12 13 15 18 20 21)
(0 1 2 4 8 9 10 12 13 14 18 20 21)
(0 1 2 5 6 7 8 14 15 16 17 20 21)
(0 1 2 5 6 7 9 13 15 16 17 20 21)
(0 1 2 5 6 7 10 12 15 16 17 20 21)
(0 1 2 5 6 8 9 13 14 16 17 20 21)
(0 1 2 5 6 8 10 12 14 16 17 20 21)
(0 1 2 5 6 9 10 12 13 16 17 20 21)
(0 1 2 5 7 8 9 13 14 15 17 20 21)
(0 1 2 5 7 8 10 12 14 15 17 20 21)
(0 1 2 5 7 9 10 12 13 15 17 20 21)
(0 1 2 5 8 9 10 12 13 14 17 20 21)
(0 1 2 6 7 8 9 13 14 15 16 20 21)
(0 1 2 6 7 8 10 12 14 15 16 20 21)
(0 1 2 6 7 9 10 12 13 15 16 20 21)
(0 1 2 6 8 9 10 12 13 14 16 20 21)
(0 1 2 7 8 9 10 12 13 14 15 20 21)
(0 1 3 4 5 6 7 15 16 17 18 19 21)
(0 1 3 4 5 6 8 14 16 17 18 19 21)
(0 1 3 4 5 6 9 13 16 17 18 19 21)
(0 1 3 4 5 6 10 12 16 17 18 19 21)
(0 1 3 4 5 7 8 14 15 17 18 19 21)
(0 1 3 4 5 7 9 13 15 17 18 19 21)
(0 1 3 4 5 7 10 12 15 17 18 19 21)
(0 1 3 4 5 8 9 13 14 17 18 19 21)
(0 1 3 4 5 8 10 12 14 17 18 19 21)
(0 1 3 4 5 9 10 12 13 17 18 19 21)
(0 1 3 4 6 7 8 14 15 16 18 19 21)
(0 1 3 4 6 7 9 13 15 16 18 19 21)
(0 1 3 4 6 7 10 12 15 16 18 19 21)
(0 1 3 4 6 8 9 13 14 16 18 19 21)
(0 1 3 4 6 8 10 12 14 16 18 19 21)
(0 1 3 4 6 9 10 12 13 16 18 19 21)
(0 1 3 4 7 8 9 13 14 15 18 19 21)
(0 1 3 4 7 8 10 12 14 15 18 19 21)
(0 1 3 4 7 9 10 12 13 15 18 19 21)
(0 1 3 4 8 9 10 12 13 14 18 19 21)
(0 1 3 5 6 7 8 14 15 16 17 19 21)
(0 1 3 5 6 7 9 13 15 16 17 19 21)
(0 1 3 5 6 7 10 12 15 16 17 19 21)
(0 1 3 5 6 8 9 13 14 16 17 19 21)
(0 1 3 5 6 8 10 12 14 16 17 19 21)
(0 1 3 5 6 9 10 12 13 16 17 19 21)
(0 1 3 5 7 8 9 13 14 15 17 19 21)
(0 1 3 5 7 8 10 12 14 15 17 19 21)
(0 1 3 5 7 9 10 12 13 15 17 19 21)
(0 1 3 5 8 9 10 12 13 14 17 19 21)
(0 1 3 6 7 8 9 13 14 15 16 19 21)
(0 1 3 6 7 8 10 12 14 15 16 19 21)
(0 1 3 6 7 9 10 12 13 15 16 19 21)
(0 1 3 6 8 9 10 12 13 14 16 19 21)
(0 1 3 7 8 9 10 12 13 14 15 19 21)
(0 1 4 5 6 7 8 14 15 16 17 18 21)
(0 1 4 5 6 7 9 13 15 16 17 18 21)
(0 1 4 5 6 7 10 12 15 16 17 18 21)
(0 1 4 5 6 8 9 13 14 16 17 18 21)
(0 1 4 5 6 8 10 12 14 16 17 18 21)
(0 1 4 5 6 9 10 12 13 16 17 18 21)
(0 1 4 5 7 8 9 13 14 15 17 18 21)
(0 1 4 5 7 8 10 12 14 15 17 18 21)
(0 1 4 5 7 9 10 12 13 15 17 18 21)
(0 1 4 5 8 9 10 12 13 14 17 18 21)
(0 1 4 6 7 8 9 13 14 15 16 18 21)
(0 1 4 6 7 8 10 12 14 15 16 18 21)
(0 1 4 6 7 9 10 12 13 15 16 18 21)
(0 1 4 6 8 9 10 12 13 14 16 18 21)
(0 1 4 7 8 9 10 12 13 14 15 18 21)
(0 1 5 6 7 8 9 13 14 15 16 17 21)
(0 1 5 6 7 8 10 12 14 15 16 17 21)
(0 1 5 6 7 9 10 12 13 15 16 17 21)
(0 1 5 6 8 9 10 12 13 14 16 17 21)
(0 1 5 7 8 9 10 12 13 14 15 17 21)
(0 1 6 7 8 9 10 12 13 14 15 16 21)
(0 2 3 4 5 6 7 15 16 17 18 19 20)
(0 2 3 4 5 6 8 14 16 17 18 19 20)
(0 2 3 4 5 6 9 13 16 17 18 19 20)
(0 2 3 4 5 6 10 12 16 17 18 19 20)
(0 2 3 4 5 7 8 14 15 17 18 19 20)
(0 2 3 4 5 7 9 13 15 17 18 19 20)
(0 2 3 4 5 7 10 12 15 17 18 19 20)
(0 2 3 4 5 8 9 13 14 17 18 19 20)
(0 2 3 4 5 8 10 12 14 17 18 19 20)
(0 2 3 4 5 9 10 12 13 17 18 19 20)
(0 2 3 4 6 7 8 14 15 16 18 19 20)
(0 2 3 4 6 7 9 13 15 16 18 19 20)
(0 2 3 4 6 7 10 12 15 16 18 19 20)
(0 2 3 4 6 8 9 13 14 16 18 19 20)
(0 2 3 4 6 8 10 12 14 16 18 19 20)
(0 2 3 4 6 9 10 12 13 16 18 19 20)
(0 2 3 4 7 8 9 13 14 15 18 19 20)
(0 2 3 4 7 8 10 12 14 15 18 19 20)
(0 2 3 4 7 9 10 12 13 15 18 19 20)
(0 2 3 4 8 9 10 12 13 14 18 19 20)
(0 2 3 5 6 7 8 14 15 16 17 19 20)
(0 2 3 5 6 7 9 13 15 16 17 19 20)
(0 2 3 5 6 7 10 12 15 16 17 19 20)
(0 2 3 5 6 8 9 13 14 16 17 19 20)
(0 2 3 5 6 8 10 12 14 16 17 19 20)
(0 2 3 5 6 9 10 12 13 16 17 19 20)
(0 2 3 5 7 8 9 13 14 15 17 19 20)
(0 2 3 5 7 8 10 12 14 15 17 19 20)
(0 2 3 5 7 9 10 12 13 15 17 19 20)
(0 2 3 5 8 9 10 12 13 14 17 19 20)
(0 2 3 6 7 8 9 13 14 15 16 19 20)
(0 2 3 6 7 8 10 12 14 15 16 19 20)
(0 2 3 6 7 9 10 12 13 15 16 19 20)
(0 2 3 6 8 9 10 12 13 14 16 19 20)
(0 2 3 7 8 9 10 12 13 14 15 19 20)
(0 2 4 5 6 7 8 14 15 16 17 18 20)
(0 2 4 5 6 7 9 13 15 16 17 18 20)
(0 2 4 5 6 7 10 12 15 16 17 18 20)
(0 2 4 5 6 8 9 13 14 16 17 18 20)
(0 2 4 5 6 8 10 12 14 16 17 18 20)
(0 2 4 5 6 9 10 12 13 16 17 18 20)
(0 2 4 5 7 8 9 13 14 15 17 18 20)
(0 2 4 5 7 8 10 12 14 15 17 18 20)
(0 2 4 5 7 9 10 12 13 15 17 18 20)
(0 2 4 5 8 9 10 12 13 14 17 18 20)
(0 2 4 6 7 8 9 13 14 15 16 18 20)
(0 2 4 6 7 8 10 12 14 15 16 18 20)
(0 2 4 6 7 9 10 12 13 15 16 18 20)
(0 2 4 6 8 9 10 12 13 14 16 18 20)
(0 2 4 7 8 9 10 12 13 14 15 18 20)
(0 2 5 6 7 8 9 13 14 15 16 17 20)
(0 2 5 6 7 8 10 12 14 15 16 17 20)
(0 2 5 6 7 9 10 12 13 15 16 17 20)
(0 2 5 6 8 9 10 12 13 14 16 17 20)
(0 2 5 7 8 9 10 12 13 14 15 17 20)
(0 2 6 7 8 9 10 12 13 14 15 16 20)
(0 3 4 5 6 7 8 14 15 16 17 18 19)
(0 3 4 5 6 7 9 13 15 16 17 18 19)
(0 3 4 5 6 7 10 12 15 16 17 18 19)
(0 3 4 5 6 8 9 13 14 16 17 18 19)
(0 3 4 5 6 8 10 12 14 16 17 18 19)
(0 3 4 5 6 9 10 12 13 16 17 18 19)
(0 3 4 5 7 8 9 13 14 15 17 18 19)
(0 3 4 5 7 8 10 12 14 15 17 18 19)
(0 3 4 5 7 9 10 12 13 15 17 18 19)
(0 3 4 5 8 9 10 12 13 14 17 18 19)
(0 3 4 6 7 8 9 13 14 15 16 18 19)
(0 3 4 6 7 8 10 12 14 15 16 18 19)
(0 3 4 6 7 9 10 12 13 15 16 18 19)
(0 3 4 6 8 9 10 12 13 14 16 18 19)
(0 3 4 7 8 9 10 12 13 14 15 18 19)
(0 3 5 6 7 8 9 13 14 15 16 17 19)
(0 3 5 6 7 8 10 12 14 15 16 17 19)
(0 3 5 6 7 9 10 12 13 15 16 17 19)
(0 3 5 6 8 9 10 12 13 14 16 17 19)
(0 3 5 7 8 9 10 12 13 14 15 17 19)
(0 3 6 7 8 9 10 12 13 14 15 16 19)
(0 4 5 6 7 8 9 13 14 15 16 17 18)
(0 4 5 6 7 8 10 12 14 15 16 17 18)
(0 4 5 6 7 9 10 12 13 15 16 17 18)
(0 4 5 6 8 9 10 12 13 14 16 17 18)
(0 4 5 7 8 9 10 12 13 14 15 17 18)
(0 4 6 7 8 9 10 12 13 14 15 16 18)
(0 5 6 7 8 9 10 12 13 14 15 16 17)
(0 1 2 3 4 5 6 11 16 17 18 19 20 21)
(0 1 2 3 4 5 7 11 15 17 18 19 20 21)
(0 1 2 3 4 5 8 11 14 17 18 19 20 21)
(0 1 2 3 4 5 9 11 13 17 18 19 20 21)
(0 1 2 3 4 5 10 11 12 17 18 19 20 21)
(0 1 2 3 4 6 7 11 15 16 18 19 20 21)
(0 1 2 3 4 6 8 11 14 16 18 19 20 21)
(0 1 2 3 4 6 9 11 13 16 18 19 20 21)
(0 1 2 3 4 6 10 11 12 16 18 19 20 21)
(0 1 2 3 4 7 8 11 14 15 18 19 20 21)
(0 1 2 3 4 7 9 11 13 15 18 19 20 21)
(0 1 2 3 4 7 10 11 12 15 18 19 20 21)
(0 1 2 3 4 8 9 11 13 14 18 19 20 21)
(0 1 2 3 4 8 10 11 12 14 18 19 20 21)
(0 1 2 3 4 9 10 11 12 13 18 19 20 21)
(0 1 2 3 5 6 7 11 15 16 17 19 20 21)
(0 1 2 3 5 6 8 11 14 16 17 19 20 21)
(0 1 2 3 5 6 9 11 13 16 17 19 20 21)
(0 1 2 3 5 6 10 11 12 16 17 19 20 21)
(0 1 2 3 5 7 8 11 14 15 17 19 20 21)
(0 1 2 3 5 7 9 11 13 15 17 19 20 21)
(0 1 2 3 5 7 10 11 12 15 17 19 20 21)
(0 1 2 3 5 8 9 11 13 14 17 19 20 21)
(0 1 2 3 5 8 10 11 12 14 17 19 20 21)
(0 1 2 3 5 9 10 11 12 13 17 19 20 21)
(0 1 2 3 6 7 8 11 14 15 16 19 20 21)
(0 1 2 3 6 7 9 11 13 15 16 19 20 21)
(0 1 2 3 6 7 10 11 12 15 16 19 20 21)
(0 1 2 3 6 8 9 11 13 14 16 19 20 21)
(0 1 2 3 6 8 10 11 12 14 16 19 20 21)
(0 1 2 3 6 9 10 11 12 13 16 19 20 21)
(0 1 2 3 7 8 9 11 13 14 15 19 20 21)
(0 1 2 3 7 8 10 11 12 14 15 19 20 21)
(0 1 2 3 7 9 10 11 12 13 15 19 20 21)
(0 1 2 3 8 9 10 11 12 13 14 19 20 21)
(0 1 2 4 5 6 7 11 15 16 17 18 20 21)
(0 1 2 4 5 6 8 11 14 16 17 18 20 21)
(0 1 2 4 5 6 9 11 13 16 17 18 20 21)
(0 1 2 4 5 6 10 11 12 16 17 18 20 21)
(0 1 2 4 5 7 8 11 14 15 17 18 20 21)
(0 1 2 4 5 7 9 11 13 15 17 18 20 21)
(0 1 2 4 5 7 10 11 12 15 17 18 20 21)
(0 1 2 4 5 8 9 11 13 14 17 18 20 21)
(0 1 2 4 5 8 10 11 12 14 17 18 20 21)
(0 1 2 4 5 9 10 11 12 13 17 18 20 21)
(0 1 2 4 6 7 8 11 14 15 16 18 20 21)
(0 1 2 4 6 7 9 11 13 15 16 18 20 21)
(0 1 2 4 6 7 10 11 12 15 16 18 20 21)
(0 1 2 4 6 8 9 11 13 14 16 18 20 21)
(0 1 2 4 6 8 10 11 12 14 16 18 20 21)
(0 1 2 4 6 9 10 11 12 13 16 18 20 21)
(0 1 2 4 7 8 9 11 13 14 15 18 20 21)
(0 1 2 4 7 8 10 11 12 14 15 18 20 21)
(0 1 2 4 7 9 10 11 12 13 15 18 20 21)
(0 1 2 4 8 9 10 11 12 13 14 18 20 21)
(0 1 2 5 6 7 8 11 14 15 16 17 20 21)
(0 1 2 5 6 7 9 11 13 15 16 17 20 21)
(0 1 2 5 6 7 10 11 12 15 16 17 20 21)
(0 1 2 5 6 8 9 11 13 14 16 17 20 21)
(0 1 2 5 6 8 10 11 12 14 16 17 20 21)
(0 1 2 5 6 9 10 11 12 13 16 17 20 21)
(0 1 2 5 7 8 9 11 13 14 15 17 20 21)
(0 1 2 5 7 8 10 11 12 14 15 17 20 21)
(0 1 2 5 7 9 10 11 12 13 15 17 20 21)
(0 1 2 5 8 9 10 11 12 13 14 17 20 21)
(0 1 2 6 7 8 9 11 13 14 15 16 20 21)
(0 1 2 6 7 8 10 11 12 14 15 16 20 21)
(0 1 2 6 7 9 10 11 12 13 15 16 20 21)
(0 1 2 6 8 9 10 11 12 13 14 16 20 21)
(0 1 2 7 8 9 10 11 12 13 14 15 20 21)
(0 1 3 4 5 6 7 11 15 16 17 18 19 21)
(0 1 3 4 5 6 8 11 14 16 17 18 19 21)
(0 1 3 4 5 6 9 11 13 16 17 18 19 21)
(0 1 3 4 5 6 10 11 12 16 17 18 19 21)
(0 1 3 4 5 7 8 11 14 15 17 18 19 21)
(0 1 3 4 5 7 9 11 13 15 17 18 19 21)
(0 1 3 4 5 7 10 11 12 15 17 18 19 21)
(0 1 3 4 5 8 9 11 13 14 17 18 19 21)
(0 1 3 4 5 8 10 11 12 14 17 18 19 21)
(0 1 3 4 5 9 10 11 12 13 17 18 19 21)
(0 1 3 4 6 7 8 11 14 15 16 18 19 21)
(0 1 3 4 6 7 9 11 13 15 16 18 19 21)
(0 1 3 4 6 7 10 11 12 15 16 18 19 21)
(0 1 3 4 6 8 9 11 13 14 16 18 19 21)
(0 1 3 4 6 8 10 11 12 14 16 18 19 21)
(0 1 3 4 6 9 10 11 12 13 16 18 19 21)
(0 1 3 4 7 8 9 11 13 14 15 18 19 21)
(0 1 3 4 7 8 10 11 12 14 15 18 19 21)
(0 1 3 4 7 9 10 11 12 13 15 18 19 21)
(0 1 3 4 8 9 10 11 12 13 14 18 19 21)
(0 1 3 5 6 7 8 11 14 15 16 17 19 21)
(0 1 3 5 6 7 9 11 13 15 16 17 19 21)
(0 1 3 5 6 7 10 11 12 15 16 17 19 21)
(0 1 3 5 6 8 9 11 13 14 16 17 19 21)
(0 1 3 5 6 8 10 11 12 14 16 17 19 21)
(0 1 3 5 6 9 10 11 12 13 16 17 19 21)
(0 1 3 5 7 8 9 11 13 14 15 17 19 21)
(0 1 3 5 7 8 10 11 12 14 15 17 19 21)
(0 1 3 5 7 9 10 11 12 13 15 17 19 21)
(0 1 3 5 8 9 10 11 12 13 14 17 19 21)
(0 1 3 6 7 8 9 11 13 14 15 16 19 21)
(0 1 3 6 7 8 10 11 12 14 15 16 19 21)
(0 1 3 6 7 9 10 11 12 13 15 16 19 21)
(0 1 3 6 8 9 10 11 12 13 14 16 19 21)
(0 1 3 7 8 9 10 11 12 13 14 15 19 21)
(0 1 4 5 6 7 8 11 14 15 16 17 18 21)
(0 1 4 5 6 7 9 11 13 15 16 17 18 21)
(0 1 4 5 6 7 10 11 12 15 16 17 18 21)
(0 1 4 5 6 8 9 11 13 14 16 17 18 21)
(0 1 4 5 6 8 10 11 12 14 16 17 18 21)
(0 1 4 5 6 9 10 11 12 13 16 17 18 21)
(0 1 4 5 7 8 9 11 13 14 15 17 18 21)
(0 1 4 5 7 8 10 11 12 14 15 17 18 21)
(0 1 4 5 7 9 10 11 12 13 15 17 18 21)
(0 1 4 5 8 9 10 11 12 13 14 17 18 21)
(0 1 4 6 7 8 9 11 13 14 15 16 18 21)
(0 1 4 6 7 8 10 11 12 14 15 16 18 21)
(0 1 4 6 7 9 10 11 12 13 15 16 18 21)
(0 1 4 6 8 9 10 11 12 13 14 16 18 21)
(0 1 4 7 8 9 10 11 12 13 14 15 18 21)
(0 1 5 6 7 8 9 11 13 14 15 16 17 21)
(0 1 5 6 7 8 10 11 12 14 15 16 17 21)
(0 1 5 6 7 9 10 11 12 13 15 16 17 21)
(0 1 5 6 8 9 10 11 12 13 14 16 17 21)
(0 1 5 7 8 9 10 11 12 13 14 15 17 21)
(0 1 6 7 8 9 10 11 12 13 14 15 16 21)
(0 2 3 4 5 6 7 11 15 16 17 18 19 20)
(0 2 3 4 5 6 8 11 14 16 17 18 19 20)
(0 2 3 4 5 6 9 11 13 16 17 18 19 20)
(0 2 3 4 5 6 10 11 12 16 17 18 19 20)
(0 2 3 4 5 7 8 11 14 15 17 18 19 20)
(0 2 3 4 5 7 9 11 13 15 17 18 19 20)
(0 2 3 4 5 7 10 11 12 15 17 18 19 20)
(0 2 3 4 5 8 9 11 13 14 17 18 19 20)
(0 2 3 4 5 8 10 11 12 14 17 18 19 20)
(0 2 3 4 5 9 10 11 12 13 17 18 19 20)
(0 2 3 4 6 7 8 11 14 15 16 18 19 20)
(0 2 3 4 6 7 9 11 13 15 16 18 19 20)
(0 2 3 4 6 7 10 11 12 15 16 18 19 20)
(0 2 3 4 6 8 9 11 13 14 16 18 19 20)
(0 2 3 4 6 8 10 11 12 14 16 18 19 20)
(0 2 3 4 6 9 10 11 12 13 16 18 19 20)
(0 2 3 4 7 8 9 11 13 14 15 18 19 20)
(0 2 3 4 7 8 10 11 12 14 15 18 19 20)
(0 2 3 4 7 9 10 11 12 13 15 18 19 20)
(0 2 3 4 8 9 10 11 12 13 14 18 19 20)
(0 2 3 5 6 7 8 11 14 15 16 17 19 20)
(0 2 3 5 6 7 9 11 13 15 16 17 19 20)
(0 2 3 5 6 7 10 11 12 15 16 17 19 20)
(0 2 3 5 6 8 9 11 13 14 16 17 19 20)
(0 2 3 5 6 8 10 11 12 14 16 17 19 20)
(0 2 3 5 6 9 10 11 12 13 16 17 19 20)
(0 2 3 5 7 8 9 11 13 14 15 17 19 20)
(0 2 3 5 7 8 10 11 12 14 15 17 19 20)
(0 2 3 5 7 9 10 11 12 13 15 17 19 20)
(0 2 3 5 8 9 10 11 12 13 14 17 19 20)
(0 2 3 6 7 8 9 11 13 14 15 16 19 20)
(0 2 3 6 7 8 10 11 12 14 15 16 19 20)
(0 2 3 6 7 9 10 11 12 13 15 16 19 20)
(0 2 3 6 8 9 10 11 12 13 14 16 19 20)
(0 2 3 7 8 9 10 11 12 13 14 15 19 20)
(0 2 4 5 6 7 8 11 14 15 16 17 18 20)
(0 2 4 5 6 7 9 11 13 15 16 17 18 20)
(0 2 4 5 6 7 10 11 12 15 16 17 18 20)
(0 2 4 5 6 8 9 11 13 14 16 17 18 20)
(0 2 4 5 6 8 10 11 12 14 16 17 18 20)
(0 2 4 5 6 9 10 11 12 13 16 17 18 20)
(0 2 4 5 7 8 9 11 13 14 15 17 18 20)
(0 2 4 5 7 8 10 11 12 14 15 17 18 20)
(0 2 4 5 7 9 10 11 12 13 15 17 18 20)
(0 2 4 5 8 9 10 11 12 13 14 17 18 20)
(0 2 4 6 7 8 9 11 13 14 15 16 18 20)
(0 2 4 6 7 8 10 11 12 14 15 16 18 20)
(0 2 4 6 7 9 10 11 12 13 15 16 18 20)
(0 2 4 6 8 9 10 11 12 13 14 16 18 20)
(0 2 4 7 8 9 10 11 12 13 14 15 18 20)
(0 2 5 6 7 8 9 11 13 14 15 16 17 20)
(0 2 5 6 7 8 10 11 12 14 15 16 17 20)
(0 2 5 6 7 9 10 11 12 13 15 16 17 20)
(0 2 5 6 8 9 10 11 12 13 14 16 17 20)
(0 2 5 7 8 9 10 11 12 13 14 15 17 20)
(0 2 6 7 8 9 10 11 12 13 14 15 16 20)
(0 3 4 5 6 7 8 11 14 15 16 17 18 19)
(0 3 4 5 6 7 9 11 13 15 16 17 18 19)
(0 3 4 5 6 7 10 11 12 15 16 17 18 19)
(0 3 4 5 6 8 9 11 13 14 16 17 18 19)
(0 3 4 5 6 8 10 11 12 14 16 17 18 19)
(0 3 4 5 6 9 10 11 12 13 16 17 18 19)
(0 3 4 5 7 8 9 11 13 14 15 17 18 19)
(0 3 4 5 7 8 10 11 12 14 15 17 18 19)
(0 3 4 5 7 9 10 11 12 13 15 17 18 19)
(0 3 4 5 8 9 10 11 12 13 14 17 18 19)
(0 3 4 6 7 8 9 11 13 14 15 16 18 19)
(0 3 4 6 7 8 10 11 12 14 15 16 18 19)
(0 3 4 6 7 9 10 11 12 13 15 16 18 19)
(0 3 4 6 8 9 10 11 12 13 14 16 18 19)
(0 3 4 7 8 9 10 11 12 13 14 15 18 19)
(0 3 5 6 7 8 9 11 13 14 15 16 17 19)
(0 3 5 6 7 8 10 11 12 14 15 16 17 19)
(0 3 5 6 7 9 10 11 12 13 15 16 17 19)
(0 3 5 6 8 9 10 11 12 13 14 16 17 19)
(0 3 5 7 8 9 10 11 12 13 14 15 17 19)
(0 3 6 7 8 9 10 11 12 13 14 15 16 19)
(0 4 5 6 7 8 9 11 13 14 15 16 17 18)
(0 4 5 6 7 8 10 11 12 14 15 16 17 18)
(0 4 5 6 7 9 10 11 12 13 15 16 17 18)
(0 4 5 6 8 9 10 11 12 13 14 16 17 18)
(0 4 5 7 8 9 10 11 12 13 14 15 17 18)
(0 4 6 7 8 9 10 11 12 13 14 15 16 18)
(0 5 6 7 8 9 10 11 12 13 14 15 16 17)
(0 1 2 3 4 5 6 7 15 16 17 18 19 20 21)
(0 1 2 3 4 5 6 8 14 16 17 18 19 20 21)
(0 1 2 3 4 5 6 9 13 16 17 18 19 20 21)
(0 1 2 3 4 5 6 10 12 16 17 18 19 20 21)
(0 1 2 3 4 5 7 8 14 15 17 18 19 20 21)
(0 1 2 3 4 5 7 9 13 15 17 18 19 20 21)
(0 1 2 3 4 5 7 10 12 15 17 18 19 20 21)
(0 1 2 3 4 5 8 9 13 14 17 18 19 20 21)
(0 1 2 3 4 5 8 10 12 14 17 18 19 20 21)
(0 1 2 3 4 5 9 10 12 13 17 18 19 20 21)
(0 1 2 3 4 6 7 8 14 15 16 18 19 20 21)
(0 1 2 3 4 6 7 9 13 15 16 18 19 20 21)
(0 1 2 3 4 6 7 10 12 15 16 18 19 20 21)
(0 1 2 3 4 6 8 9 13 14 16 18 19 20 21)
(0 1 2 3 4 6 8 10 12 14 16 18 19 20 21)
(0 1 2 3 4 6 9 10 12 13 16 18 19 20 21)
(0 1 2 3 4 7 8 9 13 14 15 18 19 20 21)
(0 1 2 3 4 7 8 10 12 14 15 18 19 20 21)
(0 1 2 3 4 7 9 10 12 13 15 18 19 20 21)
(0 1 2 3 4 8 9 10 12 13 14 18 19 20 21)
(0 1 2 3 5 6 7 8 14 15 16 17 19 20 21)
(0 1 2 3 5 6 7 9 13 15 16 17 19 20 21)
(0 1 2 3 5 6 7 10 12 15 16 17 19 20 21)
(0 1 2 3 5 6 8 9 13 14 16 17 19 20 21)
(0 1 2 3 5 6 8 10 12 14 16 17 19 20 21)
(0 1 2 3 5 6 9 10 12 13 16 17 19 20 21)
(0 1 2 3 5 7 8 9 13 14 15 17 19 20 21)
(0 1 2 3 5 7 8 10 12 14 15 17 19 20 21)
(0 1 2 3 5 7 9 10 12 13 15 17 19 20 21)
(0 1 2 3 5 8 9 10 12 13 14 17 19 20 21)
(0 1 2 3 6 7 8 9 13 14 15 16 19 20 21)
(0 1 2 3 6 7 8 10 12 14 15 16 19 20 21)
(0 1 2 3 6 7 9 10 12 13 15 16 19 20 21)
(0 1 2 3 6 8 9 10 12 13 14 16 19 20 21)
(0 1 2 3 7 8 9 10 12 13 14 15 19 20 21)
(0 1 2 4 5 6 7 8 14 15 16 17 18 20 21)
(0 1 2 4 5 6 7 9 13 15 16 17 18 20 21)
(0 1 2 4 5 6 7 10 12 15 16 17 18 20 21)
(0 1 2 4 5 6 8 9 13 14 16 17 18 20 21)
(0 1 2 4 5 6 8 10 12 14 16 17 18 20 21)
(0 1 2 4 5 6 9 10 12 13 16 17 18 20 21)
(0 1 2 4 5 7 8 9 13 14 15 17 18 20 21)
(0 1 2 4 5 7 8 10 12 14 15 17 18 20 21)
(0 1 2 4 5 7 9 10 12 13 15 17 18 20 21)
(0 1 2 4 5 8 9 10 12 13 14 17 18 20 21)
(0 1 2 4 6 7 8 9 13 14 15 16 18 20 21)
(0 1 2 4 6 7 8 10 12 14 15 16 18 20 21)
(0 1 2 4 6 7 9 10 12 13 15 16 18 20 21)
(0 1 2 4 6 8 9 10 12 13 14 16 18 20 21)
(0 1 2 4 7 8 9 10 12 13 14 15 18 20 21)
(0 1 2 5 6 7 8 9 13 14 15 16 17 20 21)
(0 1 2 5 6 7 8 10 12 14 15 16 17 20 21)
(0 1 2 5 6 7 9 10 12 13 15 16 17 20 21)
(0 1 2 5 6 8 9 10 12 13 14 16 17 20 21)
(0 1 2 5 7 8 9 10 12 13 14 15 17 20 21)
(0 1 2 6 7 8 9 10 12 13 14 15 16 20 21)
(0 1 3 4 5 6 7 8 14 15 16 17 18 19 21)
(0 1 3 4 5 6 7 9 13 15 16 17 18 19 21)
(0 1 3 4 5 6 7 10 12 15 16 17 18 19 21)
(0 1 3 4 5 6 8 9 13 14 16 17 18 19 21)
(0 1 3 4 5 6 8 10 12 14 16 17 18 19 21)
(0 1 3 4 5 6 9 10 12 13 16 17 18 19 21)
(0 1 3 4 5 7 8 9 13 14 15 17 18 19 21)
(0 1 3 4 5 7 8 10 12 14 15 17 18 19 21)
(0 1 3 4 5 7 9 10 12 13 15 17 18 19 21)
(0 1 3 4 5 8 9 10 12 13 14 17 18 19 21)
(0 1 3 4 6 7 8 9 13 14 15 16 18 19 21)
(0 1 3 4 6 7 8 10 12 14 15 16 18 19 21)
(0 1 3 4 6 7 9 10 12 13 15 16 18 19 21)
(0 1 3 4 6 8 9 10 12 13 14 16 18 19 21)
(0 1 3 4 7 8 9 10 12 13 14 15 18 19 21)
(0 1 3 5 6 7 8 9 13 14 15 16 17 19 21)
(0 1 3 5 6 7 8 10 12 14 15 16 17 19 21)
(0 1 3 5 6 7 9 10 12 13 15 16 17 19 21)
(0 1 3 5 6 8 9 10 12 13 14 16 17 19 21)
(0 1 3 5 7 8 9 10 12 13 14 15 17 19 21)
(0 1 3 6 7 8 9 10 12 13 14 15 16 19 21)
(0 1 4 5 6 7 8 9 13 14 15 16 17 18 21)
(0 1 4 5 6 7 8 10 12 14 15 16 17 18 21)
(0 1 4 5 6 7 9 10 12 13 15 16 17 18 21)
(0 1 4 5 6 8 9 10 12 13 14 16 17 18 21)
(0 1 4 5 7 8 9 10 12 13 14 15 17 18 21)
(0 1 4 6 7 8 9 10 12 13 14 15 16 18 21)
(0 1 5 6 7 8 9 10 12 13 14 15 16 17 21)
(0 2 3 4 5 6 7 8 14 15 16 17 18 19 20)
(0 2 3 4 5 6 7 9 13 15 16 17 18 19 20)
(0 2 3 4 5 6 7 10 12 15 16 17 18 19 20)
(0 2 3 4 5 6 8 9 13 14 16 17 18 19 20)
(0 2 3 4 5 6 8 10 12 14 16 17 18 19 20)
(0 2 3 4 5 6 9 10 12 13 16 17 18 19 20)
(0 2 3 4 5 7 8 9 13 14 15 17 18 19 20)
(0 2 3 4 5 7 8 10 12 14 15 17 18 19 20)
(0 2 3 4 5 7 9 10 12 13 15 17 18 19 20)
(0 2 3 4 5 8 9 10 12 13 14 17 18 19 20)
(0 2 3 4 6 7 8 9 13 14 15 16 18 19 20)
(0 2 3 4 6 7 8 10 12 14 15 16 18 19 20)
(0 2 3 4 6 7 9 10 12 13 15 16 18 19 20)
(0 2 3 4 6 8 9 10 12 13 14 16 18 19 20)
(0 2 3 4 7 8 9 10 12 13 14 15 18 19 20)
(0 2 3 5 6 7 8 9 13 14 15 16 17 19 20)
(0 2 3 5 6 7 8 10 12 14 15 16 17 19 20)
(0 2 3 5 6 7 9 10 12 13 15 16 17 19 20)
(0 2 3 5 6 8 9 10 12 13 14 16 17 19 20)
(0 2 3 5 7 8 9 10 12 13 14 15 17 19 20)
(0 2 3 6 7 8 9 10 12 13 14 15 16 19 20)
(0 2 4 5 6 7 8 9 13 14 15 16 17 18 20)
(0 2 4 5 6 7 8 10 12 14 15 16 17 18 20)
(0 2 4 5 6 7 9 10 12 13 15 16 17 18 20)
(0 2 4 5 6 8 9 10 12 13 14 16 17 18 20)
(0 2 4 5 7 8 9 10 12 13 14 15 17 18 20)
(0 2 4 6 7 8 9 10 12 13 14 15 16 18 20)
(0 2 5 6 7 8 9 10 12 13 14 15 16 17 20)
(0 3 4 5 6 7 8 9 13 14 15 16 17 18 19)
(0 3 4 5 6 7 8 10 12 14 15 16 17 18 19)
(0 3 4 5 6 7 9 10 12 13 15 16 17 18 19)
(0 3 4 5 6 8 9 10 12 13 14 16 17 18 19)
(0 3 4 5 7 8 9 10 12 13 14 15 17 18 19)
(0 3 4 6 7 8 9 10 12 13 14 15 16 18 19)
(0 3 5 6 7 8 9 10 12 13 14 15 16 17 19)
(0 4 5 6 7 8 9 10 12 13 14 15 16 17 18)
(0 1 2 3 4 5 6 7 11 15 16 17 18 19 20 21)
(0 1 2 3 4 5 6 8 11 14 16 17 18 19 20 21)
(0 1 2 3 4 5 6 9 11 13 16 17 18 19 20 21)
(0 1 2 3 4 5 6 10 11 12 16 17 18 19 20 21)
(0 1 2 3 4 5 7 8 11 14 15 17 18 19 20 21)
(0 1 2 3 4 5 7 9 11 13 15 17 18 19 20 21)
(0 1 2 3 4 5 7 10 11 12 15 17 18 19 20 21)
(0 1 2 3 4 5 8 9 11 13 14 17 18 19 20 21)
(0 1 2 3 4 5 8 10 11 12 14 17 18 19 20 21)
(0 1 2 3 4 5 9 10 11 12 13 17 18 19 20 21)
(0 1 2 3 4 6 7 8 11 14 15 16 18 19 20 21)
(0 1 2 3 4 6 7 9 11 13 15 16 18 19 20 21)
(0 1 2 3 4 6 7 10 11 12 15 16 18 19 20 21)
(0 1 2 3 4 6 8 9 11 13 14 16 18 19 20 21)
(0 1 2 3 4 6 8 10 11 12 14 16 18 19 20 21)
(0 1 2 3 4 6 9 10 11 12 13 16 18 19 20 21)
(0 1 2 3 4 7 8 9 11 13 14 15 18 19 20 21)
(0 1 2 3 4 7 8 10 11 12 14 15 18 19 20 21)
(0 1 2 3 4 7 9 10 11 12 13 15 18 19 20 21)
(0 1 2 3 4 8 9 10 11 12 13 14 18 19 20 21)
(0 1 2 3 5 6 7 8 11 14 15 16 17 19 20 21)
(0 1 2 3 5 6 7 9 11 13 15 16 17 19 20 21)
(0 1 2 3 5 6 7 10 11 12 15 16 17 19 20 21)
(0 1 2 3 5 6 8 9 11 13 14 16 17 19 20 21)
(0 1 2 3 5 6 8 10 11 12 14 16 17 19 20 21)
(0 1 2 3 5 6 9 10 11 12 13 16 17 19 20 21)
(0 1 2 3 5 7 8 9 11 13 14 15 17 19 20 21)
(0 1 2 3 5 7 8 10 11 12 14 15 17 19 20 21)
(0 1 2 3 5 7 9 10 11 12 13 15 17 19 20 21)
(0 1 2 3 5 8 9 10 11 12 13 14 17 19 20 21)
(0 1 2 3 6 7 8 9 11 13 14 15 16 19 20 21)
(0 1 2 3 6 7 8 10 11 12 14 15 16 19 20 21)
(0 1 2 3 6 7 9 10 11 12 13 15 16 19 20 21)
(0 1 2 3 6 8 9 10 11 12 13 14 16 19 20 21)
(0 1 2 3 7 8 9 10 11 12 13 14 15 19 20 21)
(0 1 2 4 5 6 7 8 11 14 15 16 17 18 20 21)
(0 1 2 4 5 6 7 9 11 13 15 16 17 18 20 21)
(0 1 2 4 5 6 7 10 11 12 15 16 17 18 20 21)
(0 1 2 4 5 6 8 9 11 13 14 16 17 18 20 21)
(0 1 2 4 5 6 8 10 11 12 14 16 17 18 20 21)
(0 1 2 4 5 6 9 10 11 12 13 16 17 18 20 21)
(0 1 2 4 5 7 8 9 11 13 14 15 17 18 20 21)
(0 1 2 4 5 7 8 10 11 12 14 15 17 18 20 21)
(0 1 2 4 5 7 9 10 11 12 13 15 17 18 20 21)
(0 1 2 4 5 8 9 10 11 12 13 14 17 18 20 21)
(0 1 2 4 6 7 8 9 11 13 14 15 16 18 20 21)
(0 1 2 4 6 7 8 10 11 12 14 15 16 18 20 21)
(0 1 2 4 6 7 9 10 11 12 13 15 16 18 20 21)
(0 1 2 4 6 8 9 10 11 12 13 14 16 18 20 21)
(0 1 2 4 7 8 9 10 11 12 13 14 15 18 20 21)
(0 1 2 5 6 7 8 9 11 13 14 15 16 17 20 21)
(0 1 2 5 6 7 8 10 11 12 14 15 16 17 20 21)
(0 1 2 5 6 7 9 10 11 12 13 15 16 17 20 21)
(0 1 2 5 6 8 9 10 11 12 13 14 16 17 20 21)
(0 1 2 5 7 8 9 10 11 12 13 14 15 17 20 21)
(0 1 2 6 7 8 9 10 11 12 13 14 15 16 20 21)
(0 1 3 4 5 6 7 8 11 14 15 16 17 18 19 21)
(0 1 3 4 5 6 7 9 11 13 15 16 17 18 19 21)
(0 1 3 4 5 6 7 10 11 12 15 16 17 18 19 21)
(0 1 3 4 5 6 8 9 11 13 14 16 17 18 19 21)
(0 1 3 4 5 6 8 10 11 12 14 16 17 18 19 21)
(0 1 3 4 5 6 9 10 11 12 13 16 17 18 19 21)
(0 1 3 4 5 7 8 9 11 13 14 15 17 18 19 21)
(0 1 3 4 5 7 8 10 11 12 14 15 17 18 19 21)
(0 1 3 4 5 7 9 10 11 12 13 15 17 18 19 21)
(0 1 3 4 5 8 9 10 11 12 13 14 17 18 19 21)
(0 1 3 4 6 7 8 9 11 13 14 15 16 18 19 21)
(0 1 3 4 6 7 8 10 11 12 14 15 16 18 19 21)
(0 1 3 4 6 7 9 10 11 12 13 15 16 18 19 21)
(0 1 3 4 6 8 9 10 11 12 13 14 16 18 19 21)
(0 1 3 4 7 8 9 10 11 12 13 14 15 18 19 21)
(0 1 3 5 6 7 8 9 11 13 14 15 16 17 19 21)
(0 1 3 5 6 7 8 10 11 12 14 15 16 17 19 21)
(0 1 3 5 6 7 9 10 11 12 13 15 16 17 19 21)
(0 1 3 5 6 8 9 10 11 12 13 14 16 17 19 21)
(0 1 3 5 7 8 9 10 11 12 13 14 15 17 19 21)
(0 1 3 6 7 8 9 10 11 12 13 14 15 16 19 21)
(0 1 4 5 6 7 8 9 11 13 14 15 16 17 18 21)
(0 1 4 5 6 7 8 10 11 12 14 15 16 17 18 21)
(0 1 4 5 6 7 9 10 11 12 13 15 16 17 18 21)
(0 1 4 5 6 8 9 10 11 12 13 14 16 17 18 21)
(0 1 4 5 7 8 9 10 11 12 13 14 15 17 18 21)
(0 1 4 6 7 8 9 10 11 12 13 14 15 16 18 21)
(0 1 5 6 7 8 9 10 11 12 13 14 15 16 17 21)
(0 2 3 4 5 6 7 8 11 14 15 16 17 18 19 20)
(0 2 3 4 5 6 7 9 11 13 15 16 17 18 19 20)
(0 2 3 4 5 6 7 10 11 12 15 16 17 18 19 20)
(0 2 3 4 5 6 8 9 11 13 14 16 17 18 19 20)
(0 2 3 4 5 6 8 10 11 12 14 16 17 18 19 20)
(0 2 3 4 5 6 9 10 11 12 13 16 17 18 19 20)
(0 2 3 4 5 7 8 9 11 13 14 15 17 18 19 20)
(0 2 3 4 5 7 8 10 11 12 14 15 17 18 19 20)
(0 2 3 4 5 7 9 10 11 12 13 15 17 18 19 20)
(0 2 3 4 5 8 9 10 11 12 13 14 17 18 19 20)
(0 2 3 4 6 7 8 9 11 13 14 15 16 18 19 20)
(0 2 3 4 6 7 8 10 11 12 14 15 16 18 19 20)
(0 2 3 4 6 7 9 10 11 12 13 15 16 18 19 20)
(0 2 3 4 6 8 9 10 11 12 13 14 16 18 19 20)
(0 2 3 4 7 8 9 10 11 12 13 14 15 18 19 20)
(0 2 3 5 6 7 8 9 11 13 14 15 16 17 19 20)
(0 2 3 5 6 7 8 10 11 12 14 15 16 17 19 20)
(0 2 3 5 6 7 9 10 11 12 13 15 16 17 19 20)
(0 2 3 5 6 8 9 10 11 12 13 14 16 17 19 20)
(0 2 3 5 7 8 9 10 11 12 13 14 15 17 19 20)
(0 2 3 6 7 8 9 10 11 12 13 14 15 16 19 20)
(0 2 4 5 6 7 8 9 11 13 14 15 16 17 18 20)
(0 2 4 5 6 7 8 10 11 12 14 15 16 17 18 20)
(0 2 4 5 6 7 9 10 11 12 13 15 16 17 18 20)
(0 2 4 5 6 8 9 10 11 12 13 14 16 17 18 20)
(0 2 4 5 7 8 9 10 11 12 13 14 15 17 18 20)
(0 2 4 6 7 8 9 10 11 12 13 14 15 16 18 20)
(0 2 5 6 7 8 9 10 11 12 13 14 15 16 17 20)
(0 3 4 5 6 7 8 9 11 13 14 15 16 17 18 19)
(0 3 4 5 6 7 8 10 11 12 14 15 16 17 18 19)
(0 3 4 5 6 7 9 10 11 12 13 15 16 17 18 19)
(0 3 4 5 6 8 9 10 11 12 13 14 16 17 18 19)
(0 3 4 5 7 8 9 10 11 12 13 14 15 17 18 19)
(0 3 4 6 7 8 9 10 11 12 13 14 15 16 18 19)
(0 3 5 6 7 8 9 10 11 12 13 14 15 16 17 19)
(0 4 5 6 7 8 9 10 11 12 13 14 15 16 17 18)
(0 1 2 3 4 5 6 7 8 14 15 16 17 18 19 20 21)
(0 1 2 3 4 5 6 7 9 13 15 16 17 18 19 20 21)
(0 1 2 3 4 5 6 7 10 12 15 16 17 18 19 20 21)
(0 1 2 3 4 5 6 8 9 13 14 16 17 18 19 20 21)
(0 1 2 3 4 5 6 8 10 12 14 16 17 18 19 20 21)
(0 1 2 3 4 5 6 9 10 12 13 16 17 18 19 20 21)
(0 1 2 3 4 5 7 8 9 13 14 15 17 18 19 20 21)
(0 1 2 3 4 5 7 8 10 12 14 15 17 18 19 20 21)
(0 1 2 3 4 5 7 9 10 12 13 15 17 18 19 20 21)
(0 1 2 3 4 5 8 9 10 12 13 14 17 18 19 20 21)
(0 1 2 3 4 6 7 8 9 13 14 15 16 18 19 20 21)
(0 1 2 3 4 6 7 8 10 12 14 15 16 18 19 20 21)
(0 1 2 3 4 6 7 9 10 12 13 15 16 18 19 20 21)
(0 1 2 3 4 6 8 9 10 12 13 14 16 18 19 20 21)
(0 1 2 3 4 7 8 9 10 12 13 14 15 18 19 20 21)
(0 1 2 3 5 6 7 8 9 13 14 15 16 17 19 20 21)
(0 1 2 3 5 6 7 8 10 12 14 15 16 17 19 20 21)
(0 1 2 3 5 6 7 9 10 12 13 15 16 17 19 20 21)
(0 1 2 3 5 6 8 9 10 12 13 14 16 17 19 20 21)
(0 1 2 3 5 7 8 9 10 12 13 14 15 17 19 20 21)
(0 1 2 3 6 7 8 9 10 12 13 14 15 16 19 20 21)
(0 1 2 4 5 6 7 8 9 13 14 15 16 17 18 20 21)
(0 1 2 4 5 6 7 8 10 12 14 15 16 17 18 20 21)
(0 1 2 4 5 6 7 9 10 12 13 15 16 17 18 20 21)
(0 1 2 4 5 6 8 9 10 12 13 14 16 17 18 20 21)
(0 1 2 4 5 7 8 9 10 12 13 14 15 17 18 20 21)
(0 1 2 4 6 7 8 9 10 12 13 14 15 16 18 20 21)
(0 1 2 5 6 7 8 9 10 12 13 14 15 16 17 20 21)
(0 1 3 4 5 6 7 8 9 13 14 15 16 17 18 19 21)
(0 1 3 4 5 6 7 8 10 12 14 15 16 17 18 19 21)
(0 1 3 4 5 6 7 9 10 12 13 15 16 17 18 19 21)
(0 1 3 4 5 6 8 9 10 12 13 14 16 17 18 19 21)
(0 1 3 4 5 7 8 9 10 12 13 14 15 17 18 19 21)
(0 1 3 4 6 7 8 9 10 12 13 14 15 16 18 19 21)
(0 1 3 5 6 7 8 9 10 12 13 14 15 16 17 19 21)
(0 1 4 5 6 7 8 9 10 12 13 14 15 16 17 18 21)
(0 2 3 4 5 6 7 8 9 13 14 15 16 17 18 19 20)
(0 2 3 4 5 6 7 8 10 12 14 15 16 17 18 19 20)
(0 2 3 4 5 6 7 9 10 12 13 15 16 17 18 19 20)
(0 2 3 4 5 6 8 9 10 12 13 14 16 17 18 19 20)
(0 2 3 4 5 7 8 9 10 12 13 14 15 17 18 19 20)
(0 2 3 4 6 7 8 9 10 12 13 14 15 16 18 19 20)
(0 2 3 5 6 7 8 9 10 12 13 14 15 16 17 19 20)
(0 2 4 5 6 7 8 9 10 12 13 14 15 16 17 18 20)
(0 3 4 5 6 7 8 9 10 12 13 14 15 16 17 18 19)
(0 1 2 3 4 5 6 7 8 11 14 15 16 17 18 19 20 21)
(0 1 2 3 4 5 6 7 9 11 13 15 16 17 18 19 20 21)
(0 1 2 3 4 5 6 7 10 11 12 15 16 17 18 19 20 21)
(0 1 2 3 4 5 6 8 9 11 13 14 16 17 18 19 20 21)
(0 1 2 3 4 5 6 8 10 11 12 14 16 17 18 19 20 21)
(0 1 2 3 4 5 6 9 10 11 12 13 16 17 18 19 20 21)
(0 1 2 3 4 5 7 8 9 11 13 14 15 17 18 19 20 21)
(0 1 2 3 4 5 7 8 10 11 12 14 15 17 18 19 20 21)
(0 1 2 3 4 5 7 9 10 11 12 13 15 17 18 19 20 21)
(0 1 2 3 4 5 8 9 10 11 12 13 14 17 18 19 20 21)
(0 1 2 3 4 6 7 8 9 11 13 14 15 16 18 19 20 21)
(0 1 2 3 4 6 7 8 10 11 12 14 15 16 18 19 20 21)
(0 1 2 3 4 6 7 9 10 11 12 13 15 16 18 19 20 21)
(0 1 2 3 4 6 8 9 10 11 12 13 14 16 18 19 20 21)
(0 1 2 3 4 7 8 9 10 11 12 13 14 15 18 19 20 21)
(0 1 2 3 5 6 7 8 9 11 13 14 15 16 17 19 20 21)
(0 1 2 3 5 6 7 8 10 11 12 14 15 16 17 19 20 21)
(0 1 2 3 5 6 7 9 10 11 12 13 15 16 17 19 20 21)
(0 1 2 3 5 6 8 9 10 11 12 13 14 16 17 19 20 21)
(0 1 2 3 5 7 8 9 10 11 12 13 14 15 17 19 20 21)
(0 1 2 3 6 7 8 9 10 11 12 13 14 15 16 19 20 21)
(0 1 2 4 5 6 7 8 9 11 13 14 15 16 17 18 20 21)
(0 1 2 4 5 6 7 8 10 11 12 14 15 16 17 18 20 21)
(0 1 2 4 5 6 7 9 10 11 12 13 15 16 17 18 20 21)
(0 1 2 4 5 6 8 9 10 11 12 13 14 16 17 18 20 21)
(0 1 2 4 5 7 8 9 10 11 12 13 14 15 17 18 20 21)
(0 1 2 4 6 7 8 9 10 11 12 13 14 15 16 18 20 21)
(0 1 2 5 6 7 8 9 10 11 12 13 14 15 16 17 20 21)
(0 1 3 4 5 6 7 8 9 11 13 14 15 16 17 18 19 21)
(0 1 3 4 5 6 7 8 10 11 12 14 15 16 17 18 19 21)
(0 1 3 4 5 6 7 9 10 11 12 13 15 16 17 18 19 21)
(0 1 3 4 5 6 8 9 10 11 12 13 14 16 17 18 19 21)
(0 1 3 4 5 7 8 9 10 11 12 13 14 15 17 18 19 21)
(0 1 3 4 6 7 8 9 10 11 12 13 14 15 16 18 19 21)
(0 1 3 5 6 7 8 9 10 11 12 13 14 15 16 17 19 21)
(0 1 4 5 6 7 8 9 10 11 12 13 14 15 16 17 18 21)
(0 2 3 4 5 6 7 8 9 11 13 14 15 16 17 18 19 20)
(0 2 3 4 5 6 7 8 10 11 12 14 15 16 17 18 19 20)
(0 2 3 4 5 6 7 9 10 11 12 13 15 16 17 18 19 20)
(0 2 3 4 5 6 8 9 10 11 12 13 14 16 17 18 19 20)
(0 2 3 4 5 7 8 9 10 11 12 13 14 15 17 18 19 20)
(0 2 3 4 6 7 8 9 10 11 12 13 14 15 16 18 19 20)
(0 2 3 5 6 7 8 9 10 11 12 13 14 15 16 17 19 20)
(0 2 4 5 6 7 8 9 10 11 12 13 14 15 16 17 18 20)
(0 3 4 5 6 7 8 9 10 11 12 13 14 15 16 17 18 19)
(0 1 2 3 4 5 6 7 8 9 13 14 15 16 17 18 19 20 21)
(0 1 2 3 4 5 6 7 8 10 12 14 15 16 17 18 19 20 21)
(0 1 2 3 4 5 6 7 9 10 12 13 15 16 17 18 19 20 21)
(0 1 2 3 4 5 6 8 9 10 12 13 14 16 17 18 19 20 21)
(0 1 2 3 4 5 7 8 9 10 12 13 14 15 17 18 19 20 21)
(0 1 2 3 4 6 7 8 9 10 12 13 14 15 16 18 19 20 21)
(0 1 2 3 5 6 7 8 9 10 12 13 14 15 16 17 19 20 21)
(0 1 2 4 5 6 7 8 9 10 12 13 14 15 16 17 18 20 21)
(0 1 3 4 5 6 7 8 9 10 12 13 14 15 16 17 18 19 21)
(0 2 3 4 5 6 7 8 9 10 12 13 14 15 16 17 18 19 20)
(0 1 2 3 4 5 6 7 8 9 11 13 14 15 16 17 18 19 20 21)
(0 1 2 3 4 5 6 7 8 10 11 12 14 15 16 17 18 19 20 21)
(0 1 2 3 4 5 6 7 9 10 11 12 13 15 16 17 18 19 20 21)
(0 1 2 3 4 5 6 8 9 10 11 12 13 14 16 17 18 19 20 21)
(0 1 2 3 4 5 7 8 9 10 11 12 13 14 15 17 18 19 20 21)
(0 1 2 3 4 6 7 8 9 10 11 12 13 14 15 16 18 19 20 21)
(0 1 2 3 5 6 7 8 9 10 11 12 13 14 15 16 17 19 20 21)
(0 1 2 4 5 6 7 8 9 10 11 12 13 14 15 16 17 18 20 21)
(0 1 3 4 5 6 7 8 9 10 11 12 13 14 15 16 17 18 19 21)
(0 2 3 4 5 6 7 8 9 10 11 12 13 14 15 16 17 18 19 20)
(0 1 2 3 4 5 6 7 8 9 10 12 13 14 15 16 17 18 19 20 21)
(0 1 2 3 4 5 6 7 8 9 10 11 12 13 14 15 16 17 18 19 20 21)

** pure molts
(0 2 3 4 5 6 7 8 9 10 11 13 14 15 16 17 18 19 20 21)
(0 1 3 4 5 6 7 8 9 10 11 12 14 15 16 17 18 19 20 21)
(0 2 4 6 8 10 12 14 16 18 20)
(0 1 2 3 4 5 6 7 8 9 11 12 13 14 15 16 17 18 19 20)
(0 1 2 3 4 5 6 7 9 10 11 12 13 14 15 16 17 18 20 21)
(0 1 2 3 4 5 6 8 9 10 11 12 13 14 15 16 17 19 20 21)
(0 1 2 3 4 5 7 8 9 10 11 12 13 14 15 16 18 19 20 21)
(0 1 2 3 4 6 7 8 9 10 11 12 13 14 15 17 18 19 20 21)
(0 1 2 3 5 6 7 8 9 10 11 12 13 14 16 17 18 19 20 21)
(0 1 2 4 5 6 7 8 9 10 11 12 13 15 16 17 18 19 20 21)
(0 1 2 3 4 5 6 7 8 10 11 12 13 14 15 16 17 18 19 21)
